B0131	0.0011038952
B0168	0.00044709128
B0425	4.3294148e-05
B1014	1.3516222e-05
B1740	0.00046419775
B2318	2.5342916e-05
B2502	5.2797742e-05
B2564	0.00022322885
B2730	8.0252567e-06
B3287	0.00014213152
B3429	0.00013136078
B3639	6.0189426e-05
B3902	2.7454826e-06
B3925	5.026345e-05
B4196	4.4350103e-06
B4197	1.0559548e-06
b0001	0.0041260379
b0002	0.0028504867
b0003	0.00042779446
b0004	0.0015185475
b0005	1.6472895e-05
b0006	0.00010432834
b0007	1.9007187e-06
b0008	0.0017081186
b0009	4.1535229e-05
b0010	8.0252567e-06
b0011	1.0559548e-06
b0013	2.1119097e-07
b0014	0.0040679882
b0015	0.00021281291
b0016	0
b0018	0
b0019	3.0669756e-05
b0020	1.2350448e-05
b0021	0
b0022	0
b0023	0.0017016591
b0024	0
b0025	4.400556e-05
b0026	0.0012848014
b0027	3.4932193e-05
b0028	4.2436109e-05
b0029	7.7986187e-05
b0030	1.5591927e-05
b0031	0.00032781062
b0032	0.0012714372
b0033	0.003798596
b0034	2.0393807e-05
b0035	4.2238193e-07
b0036	1.9713168e-06
b0037	2.5198099e-06
b0038	2.6881593e-06
b0039	4.1272749e-06
b0040	0
b0041	8.4476387e-07
b0042	1.2671458e-06
b0043	2.1119097e-07
b0044	8.4476387e-07
b0045	2.6730742e-07
b0046	1.9218378e-05
b0047	8.2364477e-06
b0048	3.8184534e-05
b0049	3.1309363e-05
b0050	5.4909651e-05
b0051	0.00010559548
b0052	2.6998653e-05
b0053	0.00033340899
b0054	0.00021900503
b0055	2.2402534e-05
b0058	9.7787452e-06
b0059	7.3283265e-05
b0060	7.5594298e-06
b0061	5.5754415e-07
b0062	5.1289235e-06
b0063	1.7076298e-06
b0064	1.949896e-05
b0065	6.335729e-06
b0066	1.3019018e-05
b0067	1.3260379e-05
b0068	0.00023104292
b0069	2.6597994e-05
b0070	3.1678645e-06
b0071	0.00064341138
b0072	0.0012045995
b0073	0.00073026337
b0074	0.00084733135
b0075	0.0021714655
b0076	2.3164632e-06
b0077	0.00032695741
b0078	0.00011123911
b0080	6.3282468e-05
b0081	2.5976489e-05
b0082	7.2649693e-05
b0083	1.4675359e-05
b0084	5.1091319e-05
b0085	0.00011887638
b0086	9.4367365e-05
b0087	4.5617249e-05
b0088	0.00010413042
b0089	2.9227623e-05
b0090	3.5986941e-05
b0091	0.00011169408
b0092	5.4653809e-05
b0093	2.4481257e-05
b0094	0.00014572177
b0095	0.00077072937
b0096	0.00052340362
b0097	2.3182734e-05
b0098	0.00062412844
b0099	6.1329857e-06
b0101	0.00016810801
b0102	7.8774231e-05
b0103	1.6532029e-05
b0104	0.00063086423
b0106	2.413611e-07
b0107	2.7816867e-07
b0108	0
b0109	8.3332939e-05
b0110	4.2660575e-05
b0111	1.9007187e-05
b0112	0.00025216201
b0113	4.1381361e-05
b0114	0.0031240689
b0115	0.0019866312
b0116	0.0027359995
b0117	2.1119097e-07
b0118	0.0039980864
b0119	7.8985422e-05
b0120	0.00027797558
b0121	0.00034060879
b0122	5.026345e-05
b0123	0.00041963645
b0124	0.00019932807
b0125	0.00012029437
b0126	0.00067144246
b0127	5.4267631e-05
b0128	2.7495857e-05
b0129	1.0571616e-06
b0130	2.9566735e-06
b0132	1.6895277e-06
b0133	0.00024333725
b0134	0.00045543392
b0135	6.335729e-07
b0136	8.4476387e-07
b0137	2.9566735e-06
b0138	2.7454826e-06
b0139	0
b0140	0
b0141	0
b0142	1.6501859e-05
b0143	0.00011560473
b0144	7.8056181e-06
b0145	0.00049547694
b0146	2.6610062e-05
b0147	8.6588296e-06
b0148	1.9390951e-05
b0149	7.0788798e-05
b0150	7.4972793e-05
b0151	8.6346935e-06
b0152	4.8223949e-06
b0153	4.3807041e-06
b0154	0.00028892372
b0155	1.0559548e-05
b0156	0.00095753984
b0157	1.0348357e-05
b0158	6.0991951e-06
b0159	0.00025226097
b0160	3.9308673e-05
b0161	0.00045790667
b0162	1.6261704e-06
b0163	0.00035522321
b0164	6.335729e-07
b0166	0.001411277
b0167	8.9683753e-05
b0169	0.0034154811
b0170	0.0029082643
b0171	0.00036805819
b0172	0.00064521857
b0173	2.9298825e-05
b0174	4.8546166e-05
b0175	3.1298501e-05
b0176	3.6656718e-05
b0177	0.00031932074
b0178	0.0022517181
b0179	0.00020205666
b0180	0.0003104109
b0181	0.00011920101
b0182	2.9042982e-05
b0183	1.5651061e-05
b0184	5.5295829e-05
b0185	0.00034647387
b0186	3.140651e-05
b0187	4.6039631e-05
b0188	3.1801739e-05
b0189	0.00016705205
b0190	2.9355544e-05
b0191	4.8573922e-06
b0192	5.8288707e-05
b0193	2.1119097e-07
b0194	0.00078175655
b0195	2.407577e-05
b0196	9.5410045e-05
b0197	0.0017281021
b0198	4.4519056e-05
b0199	0.00015605323
b0200	6.0762658e-05
b0207	3.8021615e-05
b0208	2.829959e-05
b0209	3.4635319e-05
b0210	1.0559548e-06
b0211	0.0001756433
b0212	6.0733091e-05
b0213	1.2671458e-05
b0214	1.63673e-05
b0215	7.5659466e-05
b0217	1.9007187e-06
b0219	2.6260088e-05
b0220	0.00047876992
b0221	5.5502193e-05
b0222	0.000191158
b0223	4.4772485e-05
b0224	0.0001659961
b0225	3.8859138e-05
b0226	0.00018795996
b0227	4.2238193e-07
b0228	1.0348357e-05
b0231	4.2358874e-06
b0232	2.7032444e-05
b0233	6.335729e-06
b0234	2.0817395e-06
b0237	0.00049574968
b0238	0.00018664454
b0239	6.9059446e-05
b0240	0.00043167856
b0241	8.4476387e-06
b0242	0.00011869656
b0243	0.00020205002
b0245	2.1119097e-07
b0246	0
b0247	4.2238193e-07
b0248	0
b0249	2.1119097e-07
b0250	1.3516222e-05
b0251	4.4350103e-06
b0252	1.0559548e-06
b0253	3.1678645e-06
b0254	1.2671458e-06
b0256	0
b0259	0
b0260	1.3516222e-05
b0261	2.9180558e-05
b0262	1.4783368e-06
b0267	2.1119097e-07
b0268	4.6462013e-06
b0269	1.9007187e-06
b0270	3.5902464e-06
b0271	9.9259754e-06
b0272	1.5628132e-05
b0273	0.00053558029
b0277	2.1119097e-06
b0278	3.1678645e-06
b0279	1.4783368e-06
b0280	0.00046968871
b0281	6.1878953e-05
b0287	0.00053220124
b0288	1.6050513e-05
b0289	2.5342916e-06
b0290	2.1119097e-06
b0291	2.1119097e-07
b0292	4.2238193e-07
b0293	2.8510781e-05
b0294	0
b0295	2.1119097e-07
b0296	0.00012168582
b0298	0
b0299	0
b0301	2.3231006e-06
b0303	7.6028748e-06
b0304	2.1330288e-05
b0305	4.0126284e-06
b0306	2.7454826e-06
b0307	7.1804929e-06
b0308	7.6028748e-06
b0310	6.335729e-07
b0311	2.247796e-05
b0312	6.475115e-05
b0313	4.588878e-06
b0314	1.0770739e-05
b0315	0.00010550256
b0316	4.0126284e-06
b0317	6.335729e-07
b0318	5.2797742e-06
b0319	0
b0320	1.0559548e-06
b0321	1.9007187e-06
b0323	5.7202582e-07
b0324	1.6684086e-05
b0325	0.00047382202
b0326	2.1119097e-07
b0327	0
b0328	1.4783368e-06
b0329	0.00080801664
b0330	3.1859666e-06
b0331	0
b0333	2.3472367e-07
b0334	2.9144353e-07
b0335	0
b0336	0.00030960596
b0337	0.00060032299
b0338	9.9259754e-06
b0339	2.9566735e-06
b0340	1.309384e-05
b0341	2.1119097e-07
b0342	2.9832233e-06
b0343	5.032379e-07
b0344	6.2090144e-06
b0345	2.7243635e-05
b0346	6.5167498e-06
b0347	6.335729e-07
b0348	5.684054e-07
b0349	5.4909651e-06
b0350	1.6231534e-06
b0351	2.8601291e-06
b0352	1.0535412e-06
b0353	8.4476387e-07
b0354	0.00011108645
b0355	2.1561391e-05
b0356	0.00016387454
b0357	6.3146099e-05
b0358	6.335729e-07
b0360	0
b0363	4.2238193e-07
b0364	6.335729e-07
b0365	7.5304665e-06
b0366	1.2309416e-06
b0367	3.3187152e-07
b0368	3.2444967e-06
b0369	0.00021368423
b0375	0
b0376	2.4498152e-05
b0377	6.335729e-06
b0378	2.2808624e-05
b0379	1.0137166e-05
b0380	2.618768e-05
b0381	6.5013027e-05
b0382	0.00021963861
b0383	5.3998513e-05
b0384	9.5880699e-05
b0385	1.0559548e-06
b0386	0.00018666264
b0387	2.5342916e-05
b0388	4.0631935e-05
b0389	0.00012798173
b0390	2.4498152e-05
b0391	0.00041330072
b0393	0.00012450794
b0394	5.084151e-05
b0396	4.0415917e-06
b0397	3.7273999e-05
b0398	2.1722499e-05
b0399	2.9293997e-05
b0400	8.8422641e-06
b0401	3.5268891e-05
b0402	1.6895277e-05
b0403	2.8109518e-05
b0404	1.4673548e-05
b0405	5.1125109e-05
b0406	0.00025501309
b0407	0.00056378334
b0408	0.00016216751
b0409	9.0043381e-05
b0410	9.0389734e-05
b0411	0.00082934693
b0412	1.3305031e-05
b0413	3.1827082e-05
b0414	6.156277e-05
b0415	0.00025198823
b0416	0.00022829744
b0417	3.0004202e-05
b0418	9.9633864e-06
b0419	0.00013959723
b0420	0.00011522579
b0421	5.3042723e-05
b0422	2.6887627e-05
b0423	0.00014047578
b0424	6.3864148e-05
b0426	0.00097844775
b0427	6.7581109e-06
b0428	0.00015538828
b0429	0.00029320668
b0430	0.00033838586
b0431	0.00087172209
b0432	0.00065023587
b0433	1.6294892e-05
b0434	0.00048088183
b0435	0.00043082957
b0436	0.002772515
b0437	0.00040668863
b0438	0.00063321086
b0439	0.00070250563
b0440	0.0015310561
b0441	0.00025036267
b0442	1.7070264e-06
b0443	1.0559548e-05
b0444	9.3557598e-05
b0445	2.1119097e-06
b0446	5.7443943e-06
b0447	6.6253623e-06
b0448	7.1201526e-06
b0449	5.7250854e-06
b0450	4.7095586e-05
b0451	2.7877208e-05
b0452	4.7975347e-05
b0453	0.00053008933
b0454	1.3938604e-05
b0456	9.0812116e-06
b0457	4.0126284e-06
b0458	0.00011594384
b0459	1.6232138e-05
b0460	0.00034973224
b0461	1.0348357e-05
b0462	9.1445689e-05
b0463	0.00031021841
b0464	1.1286649e-05
b0465	2.5765298e-05
b0466	6.6736346e-05
b0467	1.0559548e-05
b0468	1.3938604e-05
b0469	0.00022404767
b0470	3.259099e-05
b0471	0.00095204888
b0472	2.7410174e-05
b0473	0.00091156297
b0474	0.00092675303
b0475	2.3943022e-05
b0476	3.3030267e-06
b0477	8.4586206e-05
b0478	2.618768e-05
b0479	1.2984021e-05
b0480	0.00016991822
b0481	0.00012586982
b0482	1.0559548e-05
b0483	9.0600925e-05
b0484	0.00046398535
b0485	5.9296389e-05
b0486	1.5416941e-05
b0487	3.5923583e-05
b0488	1.1615503e-05
b0489	3.1678645e-05
b0490	1.9957546e-05
b0491	7.4387493e-06
b0492	0.00027487168
b0493	2.2074887e-05
b0494	3.6271747e-05
b0495	1.6261704e-05
b0496	6.7581109e-06
b0497	4.2238193e-07
b0498	1.7317659e-05
b0503	6.7581109e-06
b0504	0
b0505	7.7235554e-07
b0506	0.00014013848
b0507	3.2203605e-06
b0508	1.4011012e-06
b0509	1.7619361e-06
b0511	0
b0512	1.6400487e-06
b0513	1.2671458e-06
b0514	8.9659616e-06
b0516	1.4879912e-06
b0517	2.1058756e-07
b0518	0
b0520	0
b0521	3.5842124e-07
b0522	0.00015958495
b0523	0.00012175823
b0524	9.8475331e-06
b0525	0.000868159
b0526	0.00024200675
b0527	8.4476387e-07
b0528	0.00027328111
b0529	0.00022782557
b0530	2.3231006e-06
b0531	0
b0532	0
b0533	0
b0534	8.4476387e-07
b0535	8.4476387e-07
b0537	2.3231006e-06
b0543	2.9989117e-05
b0544	4.2238193e-07
b0545	7.1804929e-06
b0546	8.8700206e-06
b0547	0
b0548	0
b0549	0
b0550	0
b0551	1.2671458e-06
b0554	4.2238193e-07
b0555	4.2238193e-07
b0556	4.6160311e-07
b0557	0.00066313964
b0558	0
b0559	4.0126284e-06
b0560	4.2238193e-07
b0564	1.520575e-05
b0565	0.0047138717
b0566	1.9007187e-06
b0567	8.0252567e-06
b0568	4.0126284e-06
b0569	2.1119097e-07
b0570	8.1097331e-06
b0571	1.4929995e-05
b0572	1.3878264e-06
b0573	2.9204694e-06
b0574	1.4735095e-06
b0575	1.8952881e-06
b0576	2.0907906e-05
b0577	1.9218378e-05
b0578	0.0003205372
b0579	3.0200308e-05
b0580	3.8647947e-05
b0581	2.5765298e-05
b0583	6.1788443e-07
b0584	6.7581109e-06
b0585	1.9007187e-06
b0586	1.9390951e-05
b0587	0
b0588	6.9077548e-06
b0589	1.1947375e-06
b0590	2.2434515e-06
b0591	5.7733576e-06
b0592	1.6885623e-05
b0593	1.4300645e-05
b0594	1.0672988e-05
b0595	1.0662127e-05
b0596	5.1373711e-06
b0597	4.2238193e-06
b0598	3.7380801e-05
b0599	6.6403267e-05
b0600	6.4749944e-05
b0601	9.7147845e-06
b0602	6.335729e-07
b0603	8.4476387e-07
b0604	3.7032034e-05
b0605	0.0041922077
b0606	0.00032819076
b0607	0.00016662967
b0608	1.1193121e-05
b0610	4.1195513e-05
b0611	7.6004612e-05
b0612	0
b0613	0
b0614	0
b0615	0
b0616	0
b0617	5.9133471e-08
b0618	0
b0619	6.6615665e-07
b0620	8.1821415e-06
b0621	0
b0622	6.7339748e-07
b0623	0.0012202741
b0624	4.7095586e-05
b0627	5.1990389e-05
b0628	0.00021325521
b0629	1.0559548e-06
b0630	3.4830218e-05
b0631	0.00045743963
b0632	0.00028694215
b0633	0.00015332464
b0634	2.2995679e-05
b0635	2.90285e-05
b0636	3.7380801e-05
b0637	0.00016810801
b0638	2.9542599e-06
b0639	1.2852479e-05
b0640	1.6971306e-05
b0641	0.00011024168
b0642	0.0010762533
b0643	0.00040105165
b0644	2.1119097e-07
b0645	0
b0646	0
b0647	2.1119097e-07
b0648	2.1119097e-07
b0649	4.2238193e-07
b0650	2.1119097e-07
b0651	3.2840195e-05
b0652	5.1914963e-05
b0653	1.0137166e-05
b0654	1.1874966e-05
b0655	0.00060718248
b0657	3.9544603e-05
b0658	0.00014044199
b0659	0.00010031571
b0660	0.00018690401
b0661	0.00025575226
b0662	7.7621128e-05
b0674	0.00044927922
b0675	0.0001497344
b0676	5.4875861e-05
b0677	4.9096469e-05
b0678	0.00011026703
b0679	8.3284063e-05
b0680	0.00053652763
b0681	0
b0682	4.2238193e-07
b0683	0.00023388615
b0684	0.0008487765
b0685	3.27346e-05
b0686	6.9693019e-05
b0687	9.4580969e-05
b0688	0.00038612467
b0689	1.9007187e-06
b0692	2.9566735e-06
b0693	0
b0694	7.0598123e-06
b0695	2.1577683e-05
b0696	9.171722e-07
b0697	1.2345621e-06
b0698	0
b0699	0.00032650123
b0700	0
b0702	4.2238193e-07
b0704	7.1804929e-06
b0706	0
b0707	2.6610062e-05
b0708	1.0537826e-05
b0709	1.2460267e-05
b0710	0.00036430442
b0711	5.0897023e-05
b0712	6.1034189e-05
b0713	2.8933162e-05
b0714	1.4758628e-05
b0715	1.6895277e-06
b0716	0
b0717	2.1119097e-07
b0718	0
b0719	4.2238193e-07
b0720	0.0021975223
b0721	0.00028387867
b0722	0.00017403342
b0723	0.0012127092
b0724	0.00057659358
b0726	0.0011940695
b0727	0.001387579
b0728	0.0014939215
b0729	0.0011176232
b0730	1.964076e-05
b0731	2.1119097e-07
b0732	2.5342916e-06
b0733	0.00019371039
b0734	0.00010176689
b0735	2.0907906e-05
b0736	5.1530596e-05
b0737	8.2786859e-05
b0738	4.6673204e-05
b0739	2.8088399e-05
b0740	0.0005260767
b0741	0.0037929898
b0742	0.00031910955
b0750	0.00028454845
b0751	0.00011235359
b0752	1.7951232e-05
b0753	0.00016494015
b0754	0.0014101221
b0755	0.0017604276
b0756	0.00021190902
b0757	5.9468963e-05
b0758	2.8347862e-05
b0759	0.00015023281
b0760	0.00012033661
b0761	2.4978461e-05
b0762	0.00044730247
b0763	7.1644424e-05
b0764	3.7308393e-06
b0765	6.5843309e-06
b0766	9.5669508e-05
b0767	0.00041463183
b0768	6.335729e-07
b0769	2.1119097e-07
b0770	0
b0771	3.6348982e-06
b0772	0.00031253306
b0773	0.00016303943
b0774	6.7044684e-05
b0775	0.00018748207
b0776	2.8268213e-05
b0777	2.5976489e-05
b0778	9.1641795e-05
b0779	7.9999742e-05
b0780	1.4149795e-05
b0781	3.652759e-05
b0782	0.00037465278
b0783	5.3528462e-05
b0784	2.7077096e-05
b0785	4.371653e-05
b0786	0.00017571088
b0787	1.2671458e-06
b0788	3.1678645e-06
b0789	2.2926891e-05
b0790	2.6821253e-05
b0791	2.7454826e-05
b0792	7.1056709e-06
b0793	6.1420367e-06
b0794	1.1509304e-05
b0795	2.6821253e-05
b0796	1.2460267e-05
b0797	2.7334145e-05
b0798	2.1119097e-06
b0799	6.4805457e-06
b0800	0.0001847921
b0801	0.00044916216
b0802	0.00010306119
b0803	1.7106468e-05
b0804	3.8014374e-06
b0805	1.1404312e-05
b0806	2.7032444e-05
b0807	4.5406058e-05
b0808	5.2797742e-06
b0809	0.00010137166
b0810	4.1493594e-05
b0811	0.00053363009
b0812	0.0015541145
b0813	5.4909651e-06
b0814	0.0048461991
b0815	8.0252567e-06
b0817	2.3475384e-05
b0818	7.6028748e-06
b0819	0.00032903553
b0820	0.00010073809
b0821	6.1667762e-05
b0822	5.935854e-05
b0823	3.4212937e-06
b0824	0
b0825	1.141638e-05
b0826	1.607646e-05
b0827	0.00010475072
b0828	4.9778918e-05
b0829	8.2326463e-05
b0830	0.00017733283
b0831	1.7171636e-05
b0832	1.9928583e-05
b0833	1.3938604e-05
b0834	1.520575e-05
b0835	0.00015163511
b0836	2.1119097e-06
b0837	1.2671458e-05
b0838	0.000448992
b0839	0.00021143233
b0840	2.9195039e-05
b0841	1.720422e-05
b0842	2.7756527e-06
b0843	2.5342916e-06
b0844	3.8436756e-05
b0845	1.0559548e-05
b0846	5.4909651e-06
b0847	1.7740041e-05
b0848	4.6462013e-06
b0849	2.210566e-05
b0850	8.0252567e-06
b0851	9.3551564e-05
b0852	9.7147845e-06
b0853	7.7507085e-05
b0854	0.00023687782
b0855	5.0728674e-05
b0856	1.4589072e-05
b0857	8.1386965e-06
b0858	6.335729e-06
b0859	1.425539e-05
b0860	0.00086333902
b0861	1.2457853e-05
b0862	1.5366255e-05
b0863	0.00030615691
b0864	6.7316819e-05
b0865	0.00044328984
b0866	0.00019239497
b0867	1.7317659e-05
b0868	2.5131725e-05
b0869	1.2037885e-05
b0870	0.00010368149
b0871	0.00030269338
b0872	3.108731e-06
b0873	2.1119097e-07
b0874	2.5554107e-05
b0875	3.484651e-06
b0876	1.7740041e-05
b0877	0.00010707382
b0878	2.829959e-05
b0879	2.1114269e-05
b0880	0.00013396265
b0881	6.4202054e-05
b0882	0.0011068579
b0884	0.00024689793
b0885	1.5672783e-05
b0886	4.702197e-05
b0887	5.605853e-05
b0888	0.00057720301
b0889	0.00062084171
b0890	0.00017350846
b0891	0.00015649251
b0892	2.0063142e-05
b0893	0.00052515349
b0894	1.0314567e-05
b0895	5.7021561e-06
b0896	3.3790555e-06
b0897	0.0003131962
b0898	1.3829991e-05
b0899	4.2238193e-07
b0900	5.7021561e-06
b0901	2.4709343e-05
b0902	7.8226341e-05
b0903	0.002743262
b0904	2.8088399e-05
b0905	9.4613553e-05
b0906	1.5628132e-05
b0907	0.0018905272
b0908	0.00042152027
b0909	3.3718146e-06
b0910	7.3417221e-05
b0911	0.0063636291
b0912	0.00070088731
b0913	9.0993137e-07
b0914	8.4985659e-05
b0915	1.1281218e-05
b0916	8.4476387e-07
b0917	0.0003366384
b0918	0.00013452985
b0919	5.9133471e-06
b0920	8.4476387e-06
b0921	1.4572177e-05
b0922	5.4161432e-05
b0923	3.7134613e-05
b0924	0.00031920972
b0925	2.8510781e-05
b0926	0.00029714569
b0927	0.00014910082
b0928	0.0017185104
b0929	0.016246167
b0930	0.0011714196
b0931	0.00025053283
b0932	0.00065515058
b0933	1.8464125e-06
b0934	3.1738985e-07
b0935	4.597929e-06
b0936	1.3473984e-06
b0937	1.3829991e-06
b0938	4.0126284e-06
b0939	0
b0940	2.1119097e-07
b0941	3.3790555e-06
b0942	1.6895277e-06
b0943	2.3231006e-06
b0944	1.0559548e-06
b0945	0.00027106783
b0946	5.9133471e-05
b0947	6.4413245e-05
b0948	0.00013215969
b0949	5.1530596e-05
b0950	7.1804929e-06
b0951	2.0274333e-05
b0952	3.6958419e-05
b0953	0.0034048208
b0954	0.00045582493
b0955	4.6320816e-05
b0956	7.6028748e-05
b0957	0.014655808
b0958	3.80367e-05
b0959	6.335729e-06
b0960	9.5035935e-06
b0961	6.3990863e-05
b0962	6.8100036e-05
b0963	0.00014372088
b0964	5.7021561e-06
b0965	0.00025786417
b0966	5.3642506e-05
b0967	0.0001146948
b0968	1.7486612e-05
b0969	1.9533958e-05
b0970	0.00075099508
b0972	1.5712608e-06
b0973	2.5216201e-06
b0974	6.335729e-07
b0975	4.7065415e-07
b0976	8.4476387e-07
b0977	4.2238193e-07
b0978	1.0855216e-05
b0979	5.9302423e-06
b0980	1.1302941e-05
b0981	4.8573922e-06
b0982	6.9693019e-06
b0983	4.4350103e-06
b0984	8.4476387e-07
b0985	1.0559548e-06
b0986	0
b0987	1.3938604e-05
b0989	1.2671458e-07
b0990	3.0833881e-06
b0991	4.2238193e-07
b0992	6.335729e-07
b0993	2.1963861e-06
b0994	8.4476387e-07
b0995	1.4017046e-05
b0996	2.3532708e-07
b0997	1.5350566e-06
b0998	1.2007715e-07
b0999	0.00011573265
b1000	0.00010764585
b1001	1.0559548e-06
b1002	7.6256834e-05
b1003	0.00056387988
b1004	0.0011571153
b1006	1.0559548e-06
b1007	2.2760352e-06
b1008	4.7306777e-07
b1009	4.2238193e-07
b1010	8.4476387e-07
b1011	6.335729e-07
b1012	9.2199942e-07
b1013	1.1768767e-05
b1015	7.6239939e-05
b1018	0.00011953409
b1019	1.4149795e-05
b1020	9.6514272e-05
b1021	4.4350103e-06
b1022	6.335729e-07
b1023	4.2238193e-07
b1024	2.1119097e-07
b1025	1.4783368e-06
b1029	0
b1033	0.00015531587
b1034	0.00013706294
b1035	0.00025237321
b1036	1.0770739e-05
b1037	9.5271262e-06
b1038	4.4132878e-06
b1039	1.4789402e-06
b1040	1.1078475e-05
b1041	0
b1042	1.1739804e-05
b1043	3.3187152e-07
b1044	4.2238193e-06
b1045	5.6176797e-05
b1046	6.9693019e-06
b1047	9.2924025e-06
b1048	0.00034571961
b1049	6.4202054e-05
b1050	7.6028748e-06
b1051	0.0011085414
b1053	1.9695066e-06
b1054	3.1019729e-05
b1055	0.00036620514
b1056	0.00021900503
b1057	4.0126284e-06
b1058	1.4783368e-06
b1059	0.00017957266
b1060	2.618768e-05
b1061	0.00013833008
b1062	0.0010583202
b1063	4.5406058e-05
b1064	0.0003777784
b1065	1.2128396e-06
b1066	3.5820402e-05
b1067	0.00013537341
b1068	2.5765298e-05
b1069	1.6472895e-05
b1070	3.1642441e-06
b1071	8.8380403e-06
b1072	1.1893068e-06
b1073	1.7486612e-06
b1074	1.3745515e-06
b1075	3.2058789e-06
b1076	1.0888403e-05
b1077	1.665995e-06
b1078	4.8634263e-06
b1079	9.7992609e-07
b1080	1.7619361e-06
b1081	5.6659519e-07
b1082	3.6306744e-06
b1083	7.4598684e-06
b1084	0.00067926316
b1085	0
b1086	7.4299396e-05
b1087	0.00015818203
b1088	0.00027243635
b1089	0.0015610729
b1090	2.5132932e-05
b1091	0.00029915985
b1092	0.00058583047
b1093	0.00059112955
b1094	0.018154187
b1095	0.00039823013
b1096	1.2173651e-05
b1097	1.4783368e-05
b1098	2.4291185e-05
b1099	1.5518312e-05
b1100	5.9344662e-05
b1101	0.00099414105
b1102	2.1119097e-06
b1103	0.00044307865
b1104	1.7317659e-05
b1105	0.00020147618
b1106	4.7946384e-06
b1107	6.2345384e-05
b1108	0.00023442197
b1109	0.00024223604
b1110	1.6684086e-05
b1111	2.7243635e-05
b1112	0.00021942741
b1113	2.6398871e-05
b1114	0.00024452535
b1115	0
b1116	3.3706078e-05
b1117	4.7379788e-05
b1118	3.0976284e-05
b1119	2.3950866e-05
b1120	0.00012080123
b1121	8.4476387e-07
b1122	4.2238193e-07
b1123	0.00068496833
b1124	3.0903876e-05
b1125	3.1361859e-05
b1126	0.00012864064
b1127	8.395022e-05
b1128	0.00015966037
b1129	2.0527762e-05
b1130	0.00017909778
b1131	0.0008367362
b1132	6.7581109e-05
b1133	0.00013500775
b1134	1.2740246e-05
b1135	2.2521405e-05
b1136	0.0097642538
b1137	2.5342916e-06
b1138	5.4909651e-06
b1139	3.1889836e-05
b1140	2.1119097e-06
b1141	2.7454826e-06
b1143	0.00015733727
b1144	1.4360986e-05
b1145	4.7095586e-05
b1146	2.9566735e-06
b1147	2.7454826e-06
b1148	3.1678645e-06
b1150	6.335729e-07
b1153	0
b1154	2.1119097e-07
b1156	1.4783368e-06
b1158	4.2238193e-07
b1159	9.9259754e-06
b1160	2.1119097e-07
b1161	2.5342916e-06
b1162	4.3927721e-05
b1163	8.6588296e-06
b1164	6.1667762e-05
b1165	9.0812116e-06
b1166	3.8436756e-05
b1167	5.4909651e-06
b1168	6.335729e-07
b1171	6.9481828e-05
b1172	2.618768e-05
b1174	0.0001046059
b1175	0.00039817341
b1176	5.0736518e-05
b1177	7.5606366e-05
b1178	0.0014513043
b1179	0.00018795996
b1180	0.0001121424
b1181	5.1952978e-05
b1182	1.9912291e-06
b1183	2.3623218e-06
b1184	3.0773541e-06
b1185	3.7913002e-05
b1186	5.788503e-05
b1187	5.6964238e-05
b1188	6.0611807e-05
b1189	4.7181269e-05
b1190	1.1599815e-05
b1191	1.1615503e-05
b1192	3.2834765e-05
b1193	8.856082e-05
b1194	1.9007187e-06
b1195	4.582844e-05
b1196	1.0559548e-06
b1197	8.2844182e-05
b1198	0.00011790973
b1199	5.1952978e-05
b1200	6.831002e-05
b1201	9.2972298e-06
b1202	6.335729e-07
b1203	0.00040274117
b1204	4.7175235e-05
b1205	5.0897023e-05
b1206	7.1804929e-06
b1207	0.00075990734
b1208	3.8080145e-05
b1209	0.00016515134
b1210	2.9005571e-05
b1211	4.5617249e-05
b1212	6.0171323e-06
b1213	1.4783368e-06
b1214	3.1045072e-05
b1215	0.00044486713
b1216	4.160462e-05
b1217	8.5743533e-05
b1218	5.2797742e-06
b1219	0.00023653388
b1220	4.4350103e-06
b1221	0.00015953004
b1222	1.6959238e-05
b1223	1.6762529e-06
b1224	1.0534205e-05
b1225	4.9430754e-06
b1226	1.2816275e-06
b1227	2.9868437e-06
b1229	0
b1232	0.00039264625
b1233	6.9270637e-05
b1234	2.9989117e-05
b1235	2.3588221e-05
b1236	0.00053429142
b1237	0.0023847539
b1238	4.9973817e-05
b1241	0.0025198805
b1242	2.1119097e-06
b1243	0.0021349524
b1244	5.8715916e-05
b1245	4.7561413e-05
b1246	9.638635e-05
b1247	9.7745213e-05
b1248	0.00011045288
b1249	7.3899943e-05
b1250	2.5976489e-05
b1251	0.00045384939
b1252	4.6039631e-05
b1253	4.883942e-05
b1254	4.5194867e-05
b1255	3.8436756e-05
b1256	3.1889836e-05
b1257	3.3368173e-05
b1258	3.4635319e-05
b1259	0.00010960811
b1260	0.00040525012
b1261	0.00055839314
b1262	0.00022909996
b1263	0.00023037254
b1264	0.00036177616
b1265	0.00038901376
b1266	9.5035935e-06
b1267	0.00011995647
b1268	1.0559548e-06
b1269	0.00015785559
b1270	1.5374702e-05
b1271	5.026345e-05
b1272	0.00011329611
b1273	0.00014234271
b1274	0.00035335567
b1275	0.00017614775
b1276	0.00046343866
b1277	6.6584288e-05
b1278	1.0268708e-05
b1279	7.4128029e-05
b1280	1.964076e-05
b1281	0.00019011411
b1282	4.0925189e-05
b1283	0.00033220339
b1284	6.4202054e-05
b1285	3.5497581e-05
b1286	0.00077795994
b1287	0.00010348357
b1288	0.0013039389
b1289	2.1119097e-07
b1290	1.5362634e-05
b1291	2.1306152e-05
b1292	9.2875753e-06
b1293	9.2972298e-06
b1294	3.5976683e-05
b1295	5.7232752e-05
b1296	1.0137166e-05
b1297	0.00017359897
b1298	0.00012819292
b1299	5.4909651e-05
b1300	8.2786859e-05
b1301	8.2575668e-05
b1302	6.1456571e-05
b1303	1.2942989e-05
b1304	0.00012713696
b1305	5.0685832e-05
b1306	7.9703471e-06
b1307	1.1193121e-05
b1308	0.00012460267
b1309	0
b1310	2.5946319e-07
b1311	0
b1312	0
b1313	2.7454826e-06
b1314	1.4783368e-06
b1315	4.2238193e-07
b1316	9.1113817e-07
b1317	0
b1319	2.1119097e-07
b1320	1.4360986e-05
b1321	2.0696715e-05
b1322	2.3653388e-05
b1323	0.00010679324
b1324	0.0017193648
b1325	2.1330288e-05
b1326	3.4424128e-05
b1327	1.4572177e-05
b1328	1.5628132e-05
b1329	6.5453511e-05
b1330	1.752885e-05
b1332	0.0011902723
b1333	0.0001987307
b1334	0.00038949648
b1335	9.699096e-06
b1336	6.335729e-07
b1337	1.9007187e-06
b1338	2.5342916e-06
b1339	5.4909651e-06
b1340	2.9566735e-05
b1341	5.4276078e-05
b1342	3.3368173e-05
b1343	1.6545304e-05
b1344	0.00013030483
b1345	6.335729e-07
b1346	6.335729e-07
b1347	2.3231006e-06
b1348	2.5342916e-06
b1349	6.9693019e-06
b1350	1.6895277e-06
b1351	1.9007187e-06
b1352	8.4476387e-07
b1353	4.0126284e-06
b1355	2.7454826e-06
b1356	5.4909651e-05
b1357	1.9007187e-06
b1358	5.4909651e-06
b1359	1.0559548e-06
b1360	4.2238193e-07
b1363	6.54692e-06
b1365	1.2671458e-06
b1372	4.2238193e-07
b1373	3.5902464e-06
b1374	7.8140658e-06
b1375	7.6028748e-06
b1376	0.00013368388
b1377	4.2238193e-07
b1378	6.4202054e-05
b1379	5.5754415e-05
b1380	0.00019812247
b1381	5.2797742e-06
b1382	3.27346e-05
b1383	2.407577e-05
b1384	3.5902464e-06
b1385	5.9133471e-06
b1386	1.0559548e-06
b1387	4.2238193e-07
b1388	6.335729e-07
b1389	6.335729e-07
b1390	6.335729e-07
b1391	2.1119097e-07
b1392	1.6895277e-06
b1393	6.335729e-07
b1394	8.4476387e-07
b1395	6.335729e-07
b1396	1.2671458e-06
b1397	1.9357161e-06
b1398	3.1678645e-06
b1399	2.9566735e-05
b1400	4.4983676e-05
b1406	5.5120842e-05
b1407	2.1119097e-07
b1408	0
b1409	0
b1410	6.335729e-07
b1411	8.4476387e-07
b1412	0.00023463316
b1413	0.00015453145
b1414	9.5880699e-05
b1415	0.00046822848
b1418	0.00016958635
b1419	1.0559548e-05
b1420	2.1119097e-07
b1421	1.2068055e-07
b1422	0.00010686263
b1423	2.3231006e-06
b1424	5.469846e-05
b1426	1.7951232e-05
b1427	2.3437974e-05
b1428	1.752885e-05
b1429	5.7021561e-06
b1430	0.00016219466
b1431	0.00018627043
b1432	9.5035935e-06
b1433	2.5342916e-06
b1434	7.3916838e-06
b1435	8.1701337e-05
b1436	1.2037885e-05
b1438	4.9207495e-05
b1439	1.9007187e-05
b1440	2.3679335e-05
b1441	2.0334673e-06
b1442	1.1331904e-06
b1443	7.9649165e-07
b1444	4.815154e-05
b1445	2.1963861e-05
b1446	0.00041034405
b1447	6.124538e-06
b1448	3.580592e-05
b1449	9.7570227e-05
b1450	1.1826694e-05
b1451	1.4572177e-05
b1452	0.00021203573
b1453	5.2797742e-06
b1454	1.2037885e-05
b1455	2.1119097e-07
b1457	2.1119097e-06
b1460	0
b1461	0.00019514045
b1462	1.0348357e-05
b1463	1.0173371e-05
b1464	4.1182239e-05
b1465	2.7273805e-06
b1466	1.8120185e-06
b1467	8.0638745e-06
b1468	1.8795996e-05
b1469	3.9028091e-06
b1470	2.1119097e-07
b1473	1.8162423e-05
b1474	0
b1475	1.7740041e-07
b1476	2.618768e-07
b1477	2.7454826e-05
b1478	0.00015672059
b1479	0.00029353432
b1480	0.00042880214
b1481	8.1308522e-05
b1482	0.0009093883
b1483	1.0559548e-06
b1484	8.4476387e-07
b1485	6.335729e-07
b1486	4.2238193e-07
b1487	8.4476387e-06
b1488	4.0126284e-06
b1489	4.2238193e-06
b1490	1.7106468e-05
b1491	2.5765298e-05
b1492	7.3494456e-05
b1494	6.335729e-06
b1495	3.8014374e-06
b1496	3.6928249e-07
b1497	6.335729e-07
b1498	6.7581109e-06
b1499	1.6895277e-06
b1500	0
b1501	1.0533602e-05
b1502	1.0559548e-06
b1503	0
b1504	6.335729e-07
b1507	1.309384e-05
b1508	1.9218378e-05
b1511	2.5342916e-06
b1512	9.2924025e-06
b1513	4.2238193e-07
b1514	2.1119097e-07
b1515	4.2238193e-07
b1516	5.9133471e-06
b1517	7.8140658e-06
b1518	1.0770739e-05
b1519	4.4248731e-05
b1520	1.3727413e-05
b1521	2.3315483e-06
b1522	2.1119097e-07
b1523	9.0812116e-06
b1524	1.338106e-05
b1525	3.2101027e-05
b1526	1.1615503e-05
b1527	8.4476387e-07
b1528	2.2700012e-05
b1529	1.9851951e-05
b1530	1.7378e-06
b1531	3.0668549e-05
b1532	6.124538e-06
b1533	3.2945791e-05
b1534	3.8014374e-06
b1535	2.7454826e-06
b1536	4.4983676e-05
b1537	8.0252567e-06
b1538	0.00040269894
b1539	0.0004514756
b1540	3.928152e-05
b1541	5.4909651e-05
b1542	3.1678645e-06
b1547	0
b1549	8.4476387e-07
b1550	0.0007480384
b1551	0
b1552	8.4476387e-08
b1554	2.1119097e-07
b1555	1.0559548e-06
b1556	0
b1557	1.4566143e-06
b1558	1.4783368e-06
b1559	2.3231006e-06
b1560	2.1119097e-07
b1561	8.4476387e-07
b1562	1.6895277e-06
b1563	3.062269e-05
b1564	0.00035649035
b1565	0
b1566	1.2249076e-05
b1569	4.8573922e-06
b1570	6.8214682e-05
b1571	4.6462013e-06
b1572	1.0559548e-06
b1573	6.54692e-06
b1575	8.4476387e-07
b1576	6.335729e-07
b1578	0
b1580	4.9092849e-06
b1581	2.7454826e-06
b1582	2.1963861e-05
b1583	0.00028236232
b1584	7.6206148e-05
b1585	3.4635319e-05
b1586	0.00014614415
b1587	9.7509886e-07
b1588	6.124538e-06
b1589	6.7581109e-06
b1590	3.1678645e-06
b1591	4.4350103e-05
b1592	2.1119097e-06
b1593	4.1815811e-06
b1594	1.1826694e-05
b1595	5.0685832e-06
b1596	5.5356169e-06
b1597	2.4709343e-05
b1598	1.5155064e-05
b1599	5.4909651e-06
b1600	6.7581109e-06
b1601	4.0126284e-06
b1602	0.00075602987
b1603	0.0018821098
b1604	0.00058288707
b1605	1.9007187e-06
b1606	1.259905e-05
b1607	2.5554107e-05
b1608	3.1871131e-05
b1609	1.384749e-05
b1610	1.5848374e-05
b1611	0.00012088752
b1612	0.00065107882
b1613	0.00013589596
b1614	0.00018394733
b1615	0
b1616	0
b1617	1.8192593e-06
b1618	2.3864579e-05
b1619	0.0001772556
b1620	6.335729e-06
b1621	3.8376416e-06
b1622	2.9180558e-05
b1623	5.3247277e-05
b1624	9.8837372e-05
b1625	3.928152e-05
b1626	3.5480082e-05
b1627	3.0200308e-05
b1628	2.175267e-05
b1629	3.3156982e-05
b1630	2.1963861e-05
b1631	3.4212937e-05
b1632	3.2101027e-05
b1633	2.5183618e-05
b1634	5.0685832e-06
b1635	0.00016761443
b1636	4.8662623e-05
b1637	0.00046921564
b1638	8.8396091e-05
b1639	1.8373614e-05
b1640	3.3620999e-05
b1641	0.0012160376
b1642	8.1489543e-05
b1643	8.6588296e-06
b1644	5.7021561e-06
b1645	1.2671458e-06
b1646	5.0419731e-05
b1647	9.7147845e-05
b1648	9.7147845e-06
b1649	5.7021561e-06
b1650	4.8453242e-05
b1651	0.00020568492
b1652	4.3082957e-05
b1653	3.3790555e-06
b1654	0.00062202377
b1655	5.026345e-05
b1656	0.0017568663
b1657	2.5115433e-05
b1658	0.00025041034
b1659	9.0812116e-06
b1660	8.4476387e-06
b1661	0.00050706951
b1662	0.00013777857
b1663	2.8510781e-05
b1664	0.00014931201
b1667	0.00051213809
b1668	4.0548666e-05
b1669	4.2238193e-07
b1670	8.4476387e-07
b1671	1.2671458e-06
b1672	2.1119097e-07
b1673	2.1119097e-07
b1674	4.2238193e-07
b1675	8.7221869e-05
b1676	0.0017537781
b1677	0.13083111
b1678	0.00011847813
b1679	2.4709343e-05
b1680	2.9887746e-05
b1681	3.2101027e-05
b1682	3.3819518e-05
b1683	3.0200308e-05
b1684	7.5817557e-05
b1685	0.00060168306
b1686	0.00015944918
b1687	0.0001894383
b1688	2.8933162e-05
b1689	8.4476387e-07
b1690	0
b1691	0
b1692	1.39024e-06
b1693	7.0402621e-05
b1694	1.6895277e-06
b1695	4.2238193e-06
b1696	1.1615503e-05
b1697	1.9007187e-06
b1698	3.8014374e-06
b1699	8.4476387e-07
b1700	1.9007187e-06
b1701	1.3661039e-06
b1702	0.00030284785
b1703	8.1097331e-05
b1704	0.00014614898
b1705	1.3727413e-05
b1706	3.2312218e-05
b1707	3.5902464e-06
b1708	3.4474813e-05
b1709	1.382275e-05
b1710	0.00011020186
b1711	5.7045697e-06
b1712	0.00030555411
b1713	0.0010059418
b1714	0.00031451645
b1715	3.1256263e-05
b1716	0.0015824539
b1717	0.0011934221
b1718	0.00047528829
b1719	0.0011559556
b1722	3.5902464e-05
b1723	0.00021548719
b1724	0.00020907906
b1725	3.9070329e-05
b1726	3.1467454e-05
b1727	7.0326592e-05
b1728	1.4783368e-06
b1729	0.00047665801
b1730	8.4476387e-07
b1731	2.9355544e-05
b1732	0.0008937306
b1733	7.6028748e-06
b1734	2.7153124e-06
b1735	4.5617249e-06
b1736	2.8697835e-06
b1737	8.1821415e-07
b1738	1.0105789e-05
b1739	0.0021220468
b1741	9.4342022e-06
b1742	2.1119097e-07
b1743	6.6736346e-05
b1744	1.9429569e-06
b1745	2.4274893e-06
b1746	5.9374832e-06
b1747	1.868135e-06
b1748	2.3028263e-05
b1749	0.00017966197
b1750	6.335729e-07
b1751	4.8573922e-06
b1752	2.1119097e-06
b1753	7.8140658e-06
b1754	1.7793141e-05
b1755	1.1971511e-06
b1756	2.4878296e-06
b1757	2.546058e-05
b1758	8.8700206e-06
b1759	8.7161529e-06
b1760	9.5035935e-06
b1761	0.0015225752
b1762	1.4783368e-06
b1763	4.4048402e-05
b1764	0.00018446445
b1765	0.00027454826
b1766	6.3393494e-05
b1767	8.8718308e-05
b1768	5.1668775e-05
b1769	2.8661631e-07
b1770	2.2808624e-05
b1771	3.3790555e-06
b1772	1.0559548e-06
b1773	3.5902464e-06
b1774	2.1119097e-06
b1775	0
b1776	2.1119097e-06
b1777	0.0004768692
b1778	0.00021848671
b1779	0.011799032
b1780	0.00029856489
b1781	1.964076e-05
b1782	0.0012118138
b1783	0.00022111694
b1784	3.1256263e-05
b1785	2.1119097e-07
b1786	5.0685832e-06
b1787	0.0001193229
b1788	5.0685832e-06
b1789	8.2364477e-06
b1790	7.1804929e-06
b1791	2.6085101e-06
b1792	0.00010242762
b1793	5.5120842e-05
b1794	3.2510134e-05
b1795	0.0013672503
b1796	7.6028748e-06
b1797	1.0137166e-05
b1798	2.9566735e-06
b1799	1.309384e-05
b1800	1.0348357e-05
b1801	0
b1802	6.335729e-07
b1803	1.6895277e-06
b1804	1.9923756e-05
b1805	3.9346687e-05
b1806	3.5480082e-05
b1807	6.4202054e-05
b1808	1.1896689e-05
b1809	0.00071973882
b1810	0.00010263881
b1811	0.00012439148
b1812	3.389434e-05
b1813	3.0200308e-05
b1814	3.3147327e-05
b1815	8.4476387e-07
b1816	2.4709343e-05
b1817	0.00041260138
b1818	0.0003251834
b1819	0.00034462866
b1820	1.7317659e-05
b1821	6.335729e-06
b1822	3.9915093e-05
b1823	0.0020881513
b1824	0.00017000873
b1825	0.00010707382
b1826	4.5406058e-05
b1827	0.00013706294
b1828	1.1923239e-06
b1829	0.00014568074
b1830	0.00029547185
b1831	0.00050601356
b1832	0.00031636407
b1833	7.3916838e-06
b1834	1.6261704e-05
b1835	2.4670122e-05
b1836	0.00054529508
b1837	1.8584805e-05
b1838	1.7100434e-06
b1839	0.00021647074
b1840	1.3305031e-05
b1841	0.00030094713
b1842	4.1410325e-05
b1843	1.2671458e-05
b1844	2.960294e-05
b1845	5.877867e-05
b1846	1.7951232e-05
b1847	0.00081266284
b1848	0.00015797084
b1849	0.00046999283
b1850	0.00042348918
b1851	2.9108149e-05
b1852	0.00057121002
b1853	2.8510781e-05
b1854	0.00046659929
b1855	6.1393214e-05
b1856	8.0041376e-05
b1857	0.0049950067
b1858	7.0880516e-05
b1859	4.7403924e-05
b1860	3.9737692e-05
b1861	3.0500199e-05
b1862	2.1119097e-07
b1863	6.3677094e-06
b1864	0.00062723717
b1865	6.3864148e-06
b1866	0.00067926256
b1867	6.1456571e-05
b1868	7.8140658e-06
b1869	3.0411499e-05
b1870	6.6947536e-05
b1871	4.4138912e-05
b1872	4.9177325e-06
b1873	2.1119097e-07
b1874	4.0971048e-05
b1875	4.4350103e-05
b1876	0.00033249604
b1877	1.0559548e-06
b1878	1.5688472e-07
b1879	8.3510942e-07
b1880	2.3049986e-07
b1881	4.7777431e-06
b1882	3.580592e-06
b1883	2.1058756e-07
b1884	1.7257319e-07
b1885	2.3170666e-07
b1886	6.6736346e-07
b1887	4.8368765e-06
b1888	5.1301303e-06
b1889	1.8584805e-07
b1890	3.5600763e-07
b1891	8.3414398e-06
b1892	8.7602013e-06
b1895	2.1541479e-05
b1896	0.00019591884
b1897	3.2261532e-05
b1900	2.1288049e-06
b1901	1.7866756e-06
b1902	3.5902464e-05
b1904	1.0559548e-06
b1905	0.0002707076
b1906	8.8700206e-06
b1907	1.4994559e-05
b1908	8.0041376e-05
b1912	4.3488444e-05
b1913	5.7419807e-05
b1914	5.4195223e-05
b1915	0.00018331376
b1916	1.259905e-05
b1917	6.6374304e-05
b1918	3.8579159e-05
b1919	0.0001573433
b1920	0.0011586866
b1921	1.877186e-06
b1922	1.2979193e-06
b1923	6.3471937e-05
b1924	1.7015958e-06
b1925	1.8053811e-06
b1926	3.6505867e-07
b1927	0.00011887638
b1928	0.00026947967
b1929	8.2786859e-05
b1930	0.00015522536
b1931	7.1804929e-06
b1932	4.582844e-05
b1937	8.7855442e-07
b1938	3.3307832e-07
b1939	3.9945263e-07
b1940	2.7515166e-07
b1941	2.7575506e-07
b1942	8.8700206e-08
b1943	1.1313802e-06
b1944	7.433922e-07
b1945	1.4107557e-06
b1946	9.9199414e-07
b1947	7.3011734e-08
b1948	1.4783368e-07
b1949	5.3702846e-08
b1950	3.1497624e-07
b1951	9.2429235e-06
b1952	0.00015079035
b1953	8.954497e-05
b1955	3.7119528e-05
b1956	8.8700206e-06
b1957	5.6599179e-05
b1958	3.4001746e-05
b1959	8.4476387e-07
b1960	3.6711024e-06
b1961	5.2883425e-05
b1962	1.7951232e-05
b1963	4.0337475e-05
b1967	0.00039682783
b1968	1.1727736e-05
b1969	1.0764705e-05
b1970	1.7106468e-05
b1971	1.7951232e-05
b1972	5.7021561e-06
b1973	0.0042992145
b1974	1.5839323e-05
b1976	4.8573922e-05
b1978	1.0559548e-06
b1981	4.3079337e-05
b1982	0.0003457353
b1983	0.00034170698
b1985	2.7454826e-06
b1987	7.0931202e-05
b1988	2.7454826e-05
b1990	3.8647947e-05
b1991	2.3611753e-05
b1992	2.2207032e-05
b1993	5.6792268e-06
b2000	8.0972427e-05
b2001	6.335729e-07
b2002	0
b2003	2.1119097e-07
b2004	0
b2005	4.2238193e-07
b2007	0.0014333531
b2008	5.0685832e-06
b2009	4.7729159e-05
b2010	1.4047216e-06
b2011	4.5571994e-05
b2012	0.00042407146
b2013	6.124538e-05
b2014	0.00022829744
b2015	2.5342916e-06
b2016	0.00012671458
b2017	0.00015247988
b2018	0.00013516222
b2019	0.00046313153
b2020	0.00035431931
b2021	0.00031212094
b2022	0.00036865193
b2023	0.00014333953
b2024	0.00010924909
b2025	0.00015396546
b2026	0.00025012613
b2027	0.00028121586
b2028	1.1471893e-05
b2029	0.0027581275
b2032	8.0252567e-05
b2033	7.7507085e-05
b2034	0.00022069456
b2035	2.5979506e-05
b2036	0.00041289403
b2037	4.0548666e-05
b2038	0.00015881561
b2039	0.0002425655
b2040	0.00014911349
b2041	0.0002738103
b2042	0.0005116952
b2043	1.4783368e-06
b2044	1.2249076e-06
b2045	2.1119097e-06
b2046	0
b2047	2.1119097e-07
b2048	2.2012133e-06
b2049	1.1537061e-06
b2050	0
b2051	2.0153652e-07
b2052	8.0614609e-07
b2053	3.8364348e-06
b2054	1.098193e-07
b2055	2.9928777e-07
b2056	0
b2057	2.4437812e-07
b2058	9.7751248e-08
b2059	6.335729e-07
b2060	2.1119097e-07
b2061	8.9303609e-08
b2062	4.2238193e-07
b2063	1.2460267e-05
b2064	1.5839323e-05
b2065	9.5378064e-05
b2066	6.0149601e-05
b2067	5.4909651e-06
b2068	6.2959044e-06
b2069	1.9007187e-05
b2070	4.2238193e-07
b2071	1.9007187e-06
b2072	0
b2073	2.1119097e-07
b2074	1.0016486e-05
b2075	1.2550777e-05
b2076	6.8033661e-06
b2077	1.4783368e-06
b2078	6.4811491e-06
b2079	3.2728566e-05
b2080	0.00041689097
b2081	0.0001694717
b2082	6.8214682e-05
b2085	1.0770739e-05
b2086	3.5902464e-05
b2091	0.00049271456
b2092	0.00087681783
b2093	0.0001622188
b2094	0.00034982275
b2095	0.0016148506
b2096	0.001557035
b2097	0.00062127676
b2098	1.4783368e-06
b2099	6.8522418e-06
b2100	2.5342916e-06
b2101	1.9429569e-05
b2102	8.4476387e-07
b2103	0.00012102087
b2104	0.00015461351
b2105	0.00014783368
b2106	7.6028748e-05
b2107	0.00010644025
b2108	4.2238193e-07
b2109	2.1119097e-07
b2110	0
b2111	2.3231006e-06
b2112	0.00013368388
b2113	0.00030971397
b2114	0.00076145084
b2118	6.335729e-07
b2119	2.1119097e-07
b2120	0
b2121	2.1119097e-07
b2123	2.5342916e-06
b2124	2.8721971e-05
b2125	7.4990895e-06
b2126	6.0931611e-06
b2127	1.0348357e-05
b2128	4.8386868e-06
b2129	1.2080123e-05
b2130	6.5046818e-06
b2131	7.5455515e-05
b2132	0.00010478391
b2133	0.0003679719
b2134	4.5267275e-05
b2135	1.0348357e-05
b2136	1.2671458e-05
b2137	1.526609e-05
b2140	4.7668818e-06
b2141	5.2797742e-06
b2142	5.0685832e-06
b2143	5.0913918e-05
b2144	1.098193e-05
b2145	2.175267e-05
b2146	2.9566735e-06
b2147	2.9566735e-06
b2148	1.155637e-05
b2149	2.5341709e-05
b2150	8.9747713e-05
b2151	1.6702188e-06
b2152	1.0559548e-05
b2153	0.0012088136
b2154	0.00016556527
b2155	1.6684086e-05
b2156	0.00019809713
b2157	2.3442197e-05
b2158	9.7147845e-06
b2159	7.4978827e-05
b2160	4.2238193e-06
b2161	2.1119097e-07
b2162	1.8886506e-07
b2163	1.2671458e-06
b2164	2.1119097e-07
b2165	2.3231006e-06
b2166	0
b2167	6.080912e-05
b2168	2.9180558e-05
b2169	4.1745817e-05
b2170	4.7427457e-07
b2171	0.00020086071
b2172	1.0137166e-05
b2173	3.1467454e-05
b2174	1.7740041e-05
b2175	0.00028756969
b2176	8.6588296e-06
b2177	2.1502861e-05
b2178	4.3927721e-06
b2179	5.3497689e-06
b2180	9.8952019e-06
b2181	0.00017613327
b2182	1.8637905e-05
b2183	0.00010509707
b2184	9.0812116e-06
b2185	0.0011083061
b2186	0.00012206838
b2187	0.000369373
b2188	2.2386242e-05
b2193	4.8332561e-05
b2194	7.1804929e-06
b2195	3.0139968e-06
b2196	2.9566735e-06
b2197	1.2249076e-05
b2198	3.1642441e-06
b2199	9.609189e-06
b2200	1.5929833e-06
b2201	2.8728006e-06
b2202	2.1722499e-06
b2203	5.0347926e-06
b2204	1.0390596e-06
b2205	1.1150883e-06
b2206	2.8478197e-05
b2207	4.1996832e-07
b2208	2.9687416e-07
b2209	3.8436756e-05
b2210	9.4900773e-05
b2211	2.772515e-05
b2212	2.2156949e-06
b2213	3.2040687e-06
b2214	3.5902464e-06
b2215	0.012008502
b2216	9.6128094e-05
b2217	0.00036754469
b2218	3.9408234e-05
b2219	1.1006066e-06
b2220	8.9013976e-06
b2221	0
b2222	0
b2223	0
b2224	7.1322207e-07
b2225	4.2238193e-07
b2226	0
b2229	0
b2230	2.1119097e-07
b2231	0.00074286423
b2232	0.0001277283
b2233	6.335729e-07
b2234	0.00041510731
b2235	0.00021644298
b2236	1.8795996e-05
b2237	4.9418686e-05
b2239	6.6965639e-06
b2240	5.454761e-07
b2241	0
b2242	0
b2243	1.1947375e-06
b2244	1.8162423e-05
b2245	8.6588296e-06
b2246	2.1119097e-07
b2247	2.1119097e-07
b2248	0
b2249	3.8436756e-05
b2250	5.681037e-05
b2251	5.7854257e-06
b2252	3.716961e-05
b2253	8.8960273e-05
b2254	4.8185331e-05
b2255	0.00012624393
b2256	8.2364477e-06
b2257	4.6462013e-06
b2258	3.8014374e-06
b2259	3.1045072e-05
b2260	1.0341117e-05
b2261	2.8384066e-05
b2262	0.00021238269
b2263	2.9566735e-06
b2264	1.4761645e-05
b2265	1.7424462e-05
b2266	0.0024238387
b2267	8.9756161e-05
b2268	2.815779e-05
b2269	2.3231006e-06
b2270	6.335729e-07
b2271	2.1119097e-07
b2272	2.3231006e-06
b2273	6.335729e-07
b2274	2.1119097e-06
b2275	1.6895277e-06
b2276	0.00019958753
b2277	0.00017690804
b2278	0.00018864181
b2279	3.5721444e-05
b2280	5.8732811e-05
b2281	0.00010057517
b2282	0.00012276229
b2283	0.00064409021
b2284	0.00027764371
b2285	0.00016527202
b2286	0.00041860705
b2287	0.0002146545
b2288	9.6062323e-05
b2289	3.6747228e-05
b2290	0.00011256479
b2291	3.0259442e-05
b2292	2.7454826e-06
b2293	3.7666814e-05
b2294	0.00047011109
b2295	0.00010327238
b2296	0.00028890924
b2297	0.00049846982
b2298	0
b2299	0.00029249949
b2300	0.0001402308
b2301	5.3431315e-05
b2302	2.8022024e-05
b2303	0.00015495383
b2304	6.0611807e-05
b2305	6.54692e-06
b2306	5.3965929e-05
b2307	2.03926e-05
b2308	2.1186678e-05
b2309	0.00079775879
b2310	0.00046108419
b2311	1.4141347e-05
b2312	0.00062802461
b2313	2.2386242e-05
b2314	4.3082957e-05
b2315	8.70855e-05
b2316	0.00045400024
b2317	4.5194867e-05
b2319	0.00011753441
b2320	0.00016718722
b2321	1.7106468e-05
b2322	4.4350103e-06
b2323	0.00082705762
b2324	1.098193e-05
b2325	0.00019978665
b2326	2.4498152e-05
b2327	1.7740041e-05
b2328	4.5135733e-05
b2329	0.00017889564
b2330	0.00017564451
b2331	4.9841068e-05
b2332	1.6684086e-05
b2333	6.335729e-07
b2334	6.335729e-07
b2335	2.1119097e-07
b2336	2.1119097e-07
b2339	0
b2340	5.8191559e-05
b2341	1.5940694e-05
b2342	1.0260261e-05
b2343	0.00026039846
b2344	8.7855442e-05
b2345	3.1678645e-06
b2346	0.00016261704
b2347	2.7243635e-05
b2349	2.3442197e-05
b2350	2.4920534e-05
b2351	0.00013495103
b2354	4.2238193e-06
b2357	0
b2359	1.9007187e-06
b2360	9.7147845e-06
b2361	0
b2362	6.335729e-07
b2363	2.1119097e-07
b2364	9.382913e-06
b2365	4.2238193e-07
b2366	3.4938227e-05
b2367	6.1788443e-07
b2368	7.0055061e-07
b2369	5.1699549e-05
b2370	4.9836844e-05
b2371	1.2671458e-06
b2372	4.2238193e-07
b2373	2.7225533e-06
b2374	5.2713265e-06
b2375	6.9693019e-06
b2376	6.335729e-07
b2377	2.1330288e-05
b2378	1.1874966e-06
b2379	7.6239939e-05
b2380	4.4319933e-06
b2381	1.5226869e-05
b2382	2.9566735e-06
b2383	2.0057108e-06
b2384	6.335729e-07
b2385	2.178284e-07
b2386	0
b2387	6.5167498e-08
b2388	0.0001053686
b2389	4.2238193e-06
b2390	3.3156982e-05
b2392	1.2249076e-05
b2393	0.00010221643
b2395	7.1804929e-06
b2398	8.0252567e-06
b2399	1.6261704e-05
b2400	0.0007258537
b2405	3.8014374e-06
b2406	2.5222235e-07
b2407	6.6857026e-07
b2408	4.2238193e-07
b2409	5.9133471e-06
b2410	2.2175052e-05
b2411	0.00011822591
b2412	0.00010036519
b2413	3.9915093e-05
b2414	0.0047734686
b2415	0.0012127852
b2416	0.0019051386
b2417	0.0014434571
b2418	0.00010740992
b2419	4.6462013e-06
b2420	2.7454826e-06
b2421	0.00025797459
b2422	0.00048761581
b2423	5.4081783e-05
b2424	7.0032735e-05
b2425	0.00046521025
b2426	2.407577e-05
b2427	7.1804929e-06
b2428	1.3665866e-05
b2429	1.7160775e-06
b2430	3.1678645e-06
b2431	0.0001520575
b2432	5.4276078e-05
b2433	1.2460267e-05
b2434	4.9207495e-05
b2435	5.0571186e-05
b2436	1.5335481e-05
b2437	4.6462013e-06
b2438	8.4476387e-06
b2439	3.062269e-05
b2440	1.352829e-05
b2441	2.7607487e-05
b2442	9.2924025e-06
b2443	1.1826694e-05
b2444	0
b2445	1.9007187e-06
b2446	8.6588296e-06
b2447	8.4476387e-06
b2448	1.2671458e-06
b2449	3.6113655e-05
b2450	7.5183984e-05
b2451	5.6357818e-07
b2452	4.2238193e-07
b2453	4.7668818e-07
b2454	0
b2455	5.6357818e-07
b2456	0
b2457	1.5416941e-05
b2458	4.0790027e-07
b2459	1.6110854e-07
b2460	1.4783368e-06
b2461	0
b2462	0
b2463	0.00046668437
b2464	0.00026675471
b2465	0.00048900062
b2466	3.8014374e-06
b2467	2.4778734e-05
b2468	8.4476387e-07
b2469	4.0983116e-06
b2470	2.1119097e-06
b2471	0.00011805575
b2472	5.9510597e-05
b2473	4.371653e-05
b2474	6.124538e-06
b2475	6.4624436e-05
b2476	0.0009592873
b2477	0.00023294364
b2478	0.00038269251
b2479	6.6380338e-05
b2480	0.0004814792
b2481	0
b2482	0
b2483	0
b2484	0
b2485	2.1119097e-07
b2486	2.1119097e-07
b2487	8.4476387e-07
b2488	1.9007187e-06
b2489	1.2671458e-06
b2490	8.4476387e-07
b2491	0
b2492	4.2238193e-07
b2493	1.9218378e-05
b2494	4.815154e-05
b2495	0.00015754001
b2496	1.4814745e-05
b2497	0.00025828655
b2498	0.0011878056
b2499	0.00061055309
b2500	5.475156e-05
b2501	0.00010129443
b2503	2.1119097e-07
b2504	0.00018627043
b2505	1.4783368e-06
b2506	2.3231006e-06
b2507	0.0012357839
b2508	0.0016307225
b2509	7.378771e-05
b2510	9.6936654e-05
b2511	0.00013199435
b2512	0.00022470719
b2513	0.00019112783
b2514	0.00028603222
b2515	0.00015151443
b2516	0.000121646
b2517	0.00011488789
b2518	0.00084405547
b2519	5.1108214e-06
b2520	1.964076e-05
b2521	8.7660543e-05
b2522	7.7295894e-05
b2523	0.00035298458
b2524	0.0002407577
b2525	0.00029017639
b2526	0.00020145929
b2527	4.2923659e-05
b2528	0.00041689097
b2529	0.0014823494
b2530	0.0013407609
b2531	0.00032492515
b2532	7.4515414e-05
b2533	0.00025632368
b2534	0
b2535	6.7581109e-06
b2536	4.5737929e-06
b2537	1.2882649e-05
b2538	2.1119097e-06
b2539	6.2271165e-07
b2540	2.9566735e-06
b2541	1.7921062e-06
b2542	5.7021561e-06
b2543	9.9470945e-05
b2544	2.5342916e-06
b2545	8.2364477e-06
b2546	4.0065943e-07
b2547	0
b2548	7.8925081e-07
b2549	4.2238193e-07
b2550	5.2797742e-06
b2551	0.0057077243
b2552	6.9055826e-05
b2553	0.00014009564
b2554	1.2671458e-05
b2555	1.4783368e-05
b2556	4.8573922e-06
b2557	0.0011072531
b2558	4.6462013e-06
b2559	1.1385003e-05
b2560	2.6821253e-05
b2561	2.0063142e-05
b2562	4.4138912e-05
b2563	1.0796082e-05
b2565	4.9647979e-06
b2566	0.00012882649
b2567	9.218546e-05
b2568	6.6079843e-05
b2569	0.00020844548
b2570	2.5131725e-05
b2571	6.1456571e-05
b2572	0.00033283696
b2573	2.4432985e-05
b2574	0.00011827901
b2575	1.7317659e-05
b2576	0.00014976215
b2577	6.54692e-06
b2578	1.9007187e-06
b2579	0.00060463974
b2580	6.0660683e-05
b2581	0.00020838213
b2582	4.7723728e-05
b2583	1.1404312e-05
b2584	6.9693019e-06
b2585	0.00041966662
b2586	3.3790555e-06
b2587	0.0010999013
b2592	0.00070566927
b2593	3.716961e-05
b2594	0.00014084386
b2595	0.00047158943
b2597	0.0010580667
b2598	6.5258009e-05
b2599	0.00020077141
b2600	0.00012626384
b2601	0.00028032886
b2602	9.7147845e-06
b2603	5.0685832e-06
b2604	5.2797742e-06
b2605	5.026345e-05
b2606	0.0018097256
b2607	4.892993e-05
b2608	0.00020992382
b2609	0.0012754703
b2610	0.00020609945
b2611	3.4001746e-05
b2614	0.0005623756
b2615	3.0481494e-05
b2616	4.3712306e-05
b2617	0.00040485308
b2618	5.7655134e-05
b2619	9.2290453e-05
b2620	0.00032460052
b2622	4.8996304e-05
b2623	1.2249076e-05
b2624	5.9133471e-06
b2625	1.2671458e-06
b2626	1.0559548e-06
b2627	1.3516222e-05
b2628	7.1804929e-06
b2629	4.2238193e-07
b2630	2.7877208e-05
b2631	2.3231006e-05
b2632	1.2671458e-06
b2633	3.5902464e-06
b2634	0
b2635	4.2238193e-07
b2636	2.1119097e-06
b2637	3.3790555e-06
b2642	1.0770739e-05
b2643	0
b2644	2.1119097e-07
b2645	4.2238193e-07
b2646	2.1119097e-06
b2647	8.4476387e-07
b2659	2.3442197e-05
b2660	5.0685832e-06
b2661	0.00013524066
b2662	9.4851294e-05
b2663	9.0812116e-06
b2664	7.8140658e-06
b2665	0.0007833073
b2666	0.0003039038
b2667	6.7581109e-06
b2668	2.7243635e-05
b2669	0.00062113556
b2670	8.4476387e-07
b2671	5.1952978e-05
b2672	0.00099977804
b2673	8.4898769e-05
b2674	4.2238193e-06
b2675	1.268956e-05
b2676	8.0843902e-06
b2677	5.5995776e-05
b2678	3.1186268e-05
b2679	7.3675477e-05
b2682	2.7877208e-05
b2683	1.9851951e-05
b2684	0.00027877208
b2685	4.8362731e-05
b2686	1.2357689e-05
b2687	0.00095876596
b2688	0.00015690644
b2689	3.8014374e-06
b2690	4.582844e-05
b2696	0.00028146748
b2697	0.00094880257
b2698	3.5902464e-06
b2699	0.00062324144
b2700	8.5321151e-05
b2701	5.9684981e-05
b2702	7.8985422e-07
b2703	1.7323693e-06
b2704	2.0781191e-06
b2705	7.5015031e-06
b2706	2.3231006e-06
b2707	1.1940737e-05
b2708	3.9492711e-05
b2709	1.094814e-05
b2710	8.4476387e-07
b2711	6.335729e-07
b2712	2.9566735e-06
b2713	2.1119097e-07
b2714	2.0882563e-05
b2715	2.9265034e-07
b2716	6.0062711e-06
b2717	8.5659056e-06
b2718	1.47713e-06
b2719	1.6895277e-06
b2720	1.4783368e-06
b2721	2.060017e-06
b2722	2.1119097e-07
b2723	2.1119097e-07
b2724	2.1119097e-07
b2725	2.1119097e-07
b2726	6.335729e-07
b2727	1.1404312e-05
b2728	4.0126284e-06
b2729	5.0685832e-06
b2731	5.2797742e-06
b2732	6.335729e-06
b2733	7.7205383e-05
b2734	7.8925081e-07
b2735	1.8373614e-05
b2736	1.0933658e-06
b2737	4.2238193e-07
b2738	4.2238193e-07
b2739	5.2797742e-06
b2740	4.2238193e-07
b2741	0.0022574818
b2742	0.00014677772
b2743	2.0959798e-05
b2744	2.045656e-05
b2745	5.7490405e-05
b2746	4.2693762e-05
b2747	1.7515575e-05
b2748	8.7010678e-06
b2749	1.0770739e-05
b2750	0.00011606875
b2751	0.00087876561
b2752	0.00074986671
b2753	7.0779144e-06
b2754	2.7454826e-06
b2755	2.7454826e-06
b2756	4.2238193e-06
b2757	1.6895277e-06
b2758	5.4909651e-06
b2759	3.1678645e-06
b2760	1.2671458e-06
b2761	4.2238193e-07
b2762	0.0002324766
b2763	0.00088358077
b2764	0.00074347849
b2765	7.6028748e-05
b2766	2.1119097e-07
b2767	1.0559548e-06
b2768	1.6895277e-06
b2769	8.4476387e-07
b2770	1.0559548e-06
b2771	0
b2774	2.1119097e-07
b2775	0
b2776	1.4783368e-06
b2777	4.5406058e-05
b2778	4.2238193e-07
b2779	0.0055350666
b2780	0.00061627334
b2781	2.6660748e-05
b2782	2.5976489e-05
b2783	4.8362731e-05
b2784	9.5622443e-05
b2785	3.6055729e-05
b2786	3.1019729e-05
b2787	1.5608823e-05
b2788	4.2238193e-07
b2789	0
b2790	0.00010073809
b2791	8.9424289e-06
b2792	4.0548666e-05
b2793	5.6599179e-05
b2794	5.4110746e-05
b2795	8.1730904e-05
b2796	3.1467454e-05
b2797	2.1963861e-05
b2798	1.2249076e-05
b2799	5.5464782e-06
b2800	7.7838956e-07
b2801	0
b2802	9.2718868e-06
b2803	2.6175612e-06
b2804	6.1076428e-05
b2805	1.4222807e-05
b2806	7.0326592e-05
b2807	5.8288707e-05
b2808	2.1532428e-05
b2809	0.00033917269
b2810	1.7421445e-05
b2811	3.8225565e-05
b2812	4.0759857e-05
b2813	6.2989214e-05
b2817	1.7110089e-05
b2818	0.00030179008
b2819	1.6875968e-05
b2820	2.5632549e-05
b2821	8.1266284e-05
b2822	2.7757734e-05
b2823	7.7476915e-07
b2824	2.1119097e-07
b2825	2.2567263e-07
b2826	1.0076826e-07
b2827	0.00010370321
b2828	4.8989667e-05
b2829	0.00010019865
b2830	2.474434e-05
b2831	5.1126316e-06
b2832	1.5628132e-05
b2833	0.00013347269
b2834	0.00018415852
b2835	9.8215868e-06
b2836	3.4707727e-05
b2837	1.9868846e-05
b2838	0.00018398957
b2839	5.9133471e-06
b2840	4.371653e-05
b2841	3.1328671e-06
b2842	1.0380941e-05
b2843	3.6904113e-06
b2844	2.7507925e-05
b2845	1.6895277e-06
b2846	1.0559548e-06
b2847	2.1119097e-06
b2848	1.0559548e-06
b2849	2.1119097e-07
b2851	2.1119097e-07
b2852	0
b2853	1.0559548e-06
b2865	2.6398871e-05
b2866	3.630071e-06
b2867	2.6429041e-06
b2868	2.1107029e-06
b2869	1.4783368e-06
b2870	0
b2871	2.401543e-07
b2872	2.5342916e-06
b2873	5.5633735e-07
b2874	2.0576034e-06
b2875	1.9007187e-06
b2876	0
b2877	5.2797742e-06
b2878	0
b2879	0
b2880	1.6895277e-06
b2881	1.6895277e-06
b2882	6.335729e-07
b2883	9.7787452e-06
b2886	1.4783368e-06
b2887	2.1119097e-07
b2888	0
b2889	1.0542653e-05
b2890	0.00087088517
b2891	0.00030621242
b2892	2.4920534e-05
b2893	0.00010053655
b2894	1.3126424e-05
b2895	0.00011805575
b2896	1.2460267e-05
b2897	0.0002057
b2898	0.00036071417
b2899	5.2858082e-06
b2900	0.00017021992
b2901	0.00026475141
b2902	7.8140658e-06
b2903	0.00048275359
b2904	0.00084518625
b2905	0.00020667993
b2906	4.4350103e-05
b2907	3.1222473e-05
b2908	0.00023150754
b2909	0.00018542567
b2910	4.8538925e-05
b2912	8.6588296e-06
b2913	0.0048007025
b2914	0.00037251733
b2916	0.00011182743
b2917	2.1119097e-07
b2918	0
b2919	4.8573922e-06
b2920	2.1119097e-07
b2921	2.5342916e-06
b2922	0.00037507516
b2923	1.8584805e-05
b2924	0.00061815596
b2925	0.0030279366
b2926	0.0028500734
b2927	5.4411241e-05
b2928	8.4476387e-06
b2929	7.1804929e-06
b2930	4.2238193e-07
b2933	0
b2934	1.7740041e-07
b2935	0.0018762628
b2936	7.0098506e-05
b2937	0.00020716748
b2938	0.00072380213
b2939	0.00011721099
b2940	0
b2942	0.0016715319
b2943	5.4315903e-05
b2944	8.8700206e-06
b2945	9.9682136e-07
b2946	3.6803345e-05
b2947	0.00024558975
b2948	4.9873652e-05
b2949	2.7454826e-05
b2950	1.967093e-06
b2951	7.8985422e-05
b2952	4.3447413e-05
b2953	2.4498152e-05
b2954	5.3253914e-05
b2955	2.2580538e-05
b2956	2.1119097e-07
b2957	5.6695724e-06
b2958	6.7369918e-05
b2959	0.00052502074
b2960	9.0421714e-05
b2961	1.964076e-05
b2962	0.00056282393
b2963	3.2059996e-05
b2964	1.2358895e-05
b2965	0.00010682582
b2966	3.5902464e-06
b2968	7.5183984e-07
b2971	2.1963861e-05
b2972	1.6231534e-06
b2975	3.5902464e-06
b2976	0.00014745595
b2977	5.8711089e-05
b2979	3.3120778e-06
b2980	2.0831877e-05
b2983	0
b2984	0
b2985	4.2238193e-07
b2986	0
b2987	2.1119097e-07
b2988	0.00011784456
b2989	0.00022027218
b2990	1.5628132e-05
b2991	1.9007187e-06
b2992	4.8573922e-06
b2993	2.5729094e-06
b2994	1.3685175e-05
b2995	1.0559548e-06
b2996	2.1119097e-06
b2997	3.3669874e-06
b2998	6.9693019e-06
b3001	2.407577e-05
b3002	0.00012354672
b3003	6.8476559e-05
b3005	6.2934908e-05
b3006	0.00016409538
b3008	0.00029936018
b3009	2.5976489e-05
b3010	1.4783368e-05
b3011	7.2156713e-05
b3012	9.9561456e-05
b3013	8.4476387e-07
b3014	1.6895277e-06
b3017	4.139343e-05
b3018	2.572306e-05
b3019	0.00014520284
b3020	1.8723588e-05
b3021	6.7369918e-05
b3022	9.9259754e-06
b3023	2.2205222e-06
b3024	0.00058626612
b3025	9.7787452e-06
b3026	7.8569074e-06
b3027	0
b3028	0.00017951232
b3029	0.00051044857
b3030	0.00014483477
b3031	2.2386242e-05
b3032	3.2312218e-05
b3033	2.7243635e-05
b3034	2.8122793e-05
b3035	0.0009381676
b3037	0.00028468542
b3038	7.5817557e-05
b3039	4.6462013e-06
b3040	4.582844e-05
b3041	0.00011993957
b3042	0.00051171571
b3043	4.4350103e-06
b3047	8.4476387e-07
b3048	8.4476387e-07
b3049	0.00030517095
b3050	4.2238193e-07
b3051	4.2238193e-07
b3052	0.00018593373
b3053	8.7335309e-05
b3054	7.8140658e-05
b3055	0.00010306119
b3056	3.0329436e-05
b3057	3.716961e-05
b3058	1.1852037e-05
b3059	1.1503874e-05
b3060	4.2238193e-07
b3061	0
b3062	1.2128396e-07
b3063	0
b3064	0.00010411715
b3065	0.0016727073
b3066	3.4356546e-05
b3067	0.00084481938
b3068	5.240915e-05
b3070	6.4835627e-05
b3071	7.5606366e-05
b3072	1.2671458e-06
b3073	0.00016662967
b3074	2.9566735e-06
b3075	3.8972578e-05
b3076	6.2150485e-07
b3077	4.4953506e-07
b3078	0
b3079	0
b3080	2.1119097e-07
b3081	8.5152198e-06
b3082	2.7032444e-05
b3083	2.1119097e-06
b3084	2.6914177e-05
b3085	1.3727413e-05
b3086	2.1119097e-07
b3087	3.9915093e-05
b3088	5.7021561e-06
b3089	0.00012375791
b3090	3.1678645e-06
b3091	5.9736873e-06
b3092	2.8927128e-05
b3093	1.04268e-06
b3094	6.1034189e-05
b3095	4.4138912e-05
b3096	3.4635319e-05
b3097	0.00011763337
b3098	0.0022990249
b3099	0.00014593296
b3100	6.990421e-05
b3101	4.2238193e-06
b3102	4.1182239e-05
b3103	0.00017866756
b3104	2.1119097e-06
b3105	4.5617249e-05
b3106	6.335729e-06
b3107	6.7158727e-05
b3110	2.1119097e-07
b3113	5.0685832e-06
b3114	6.9149957e-06
b3115	1.9598522e-06
b3116	5.2797742e-06
b3117	1.9851951e-07
b3118	1.8826166e-07
b3119	0
b3120	0
b3121	2.1119097e-07
b3124	4.3680326e-06
b3125	1.4724234e-05
b3126	1.5447111e-06
b3127	0
b3128	4.7336947e-06
b3129	7.3494456e-05
b3130	1.9007187e-05
b3131	3.0352969e-05
b3132	1.2852479e-06
b3133	2.0395013e-06
b3136	6.9511998e-07
b3137	3.4514638e-07
b3138	5.7202582e-07
b3139	0
b3140	3.1738985e-07
b3141	4.6160311e-07
b3142	2.7454826e-06
b3143	2.1119097e-07
b3144	2.1119097e-07
b3145	1.2671458e-06
b3146	4.7729159e-05
b3147	5.2797742e-05
b3148	4.2238193e-06
b3149	2.8265799e-05
b3150	0.00014614415
b3151	3.716961e-05
b3152	2.7243635e-05
b3153	5.9767044e-05
b3154	1.0137166e-05
b3155	4.2238193e-06
b3156	4.0508841e-05
b3157	6.6102773e-05
b3158	5.9917894e-07
b3159	8.4476387e-07
b3160	8.6799487e-05
b3161	9.0812116e-06
b3162	0.00033392912
b3163	4.3927721e-05
b3164	0.0015208736
b3165	0.0013628708
b3166	4.0546252e-05
b3167	0.00023927937
b3168	0.0015332162
b3169	0.00046356417
b3170	0.00025765298
b3172	0.0022200738
b3173	2.1119097e-07
b3175	0.00019673344
b3176	0.00034047604
b3177	5.8705055e-05
b3178	0.00023737865
b3179	4.0986133e-05
b3180	0.00058394302
b3181	0.00031889836
b3182	3.8280475e-05
b3183	0.00011024168
b3184	4.8573922e-06
b3185	0.0012838208
b3186	0.0012472359
b3187	0.00011557516
b3188	2.3870613e-06
b3189	0.00022425645
b3190	0.0003600806
b3191	6.8848255e-05
b3192	0.00040612023
b3193	0.00010094928
b3194	3.1467454e-05
b3195	5.8499898e-05
b3196	5.0685832e-06
b3197	9.302057e-05
b3198	3.5506632e-05
b3199	4.2027002e-05
b3200	0.00018014589
b3201	9.1760061e-05
b3202	9.0952105e-05
b3203	0.00061604405
b3204	7.170054e-05
b3205	0.0001239691
b3206	1.0589718e-05
b3207	4.3927721e-05
b3208	3.2125163e-06
b3209	0.00018880472
b3210	4.5536393e-05
b3211	2.1119097e-07
b3212	0.005522213
b3213	0.0017313363
b3214	0.00013157197
b3215	2.9566735e-06
b3216	6.335729e-07
b3219	8.2364477e-06
b3220	1.0559548e-06
b3221	2.8721971e-05
b3222	2.4582629e-06
b3223	5.3889901e-06
b3224	5.9857554e-07
b3225	1.0573427e-05
b3226	5.7655134e-05
b3227	0
b3228	0.0001167886
b3229	0.0005634575
b3230	0.0017614232
b3231	0.0019539195
b3232	4.5194867e-05
b3233	0.00032650123
b3234	0.00013233226
b3235	2.8489661e-05
b3236	0.0030402376
b3237	9.6228862e-05
b3238	6.6313964e-05
b3239	3.8859138e-05
b3240	4.2238193e-07
b3241	1.0559548e-06
b3242	1.0559548e-06
b3243	1.6684086e-05
b3244	0.00012712369
b3247	7.8140658e-05
b3248	3.8859138e-05
b3249	6.9403386e-06
b3250	3.8974991e-05
b3251	0.00050104816
b3252	6.9693019e-06
b3253	0.00012713696
b3255	0.00053061549
b3256	0.00052858022
b3257	1.1826694e-05
b3258	6.124538e-06
b3259	6.7890052e-05
b3260	2.1306152e-05
b3261	0.00045597819
b3262	3.5480082e-07
b3263	2.829959e-05
b3264	2.1119097e-07
b3265	0
b3266	2.1119097e-07
b3267	1.6261704e-05
b3269	2.3713729e-07
b3270	2.2144881e-07
b3271	3.1932074e-06
b3279	0.00016979754
b3280	3.3156982e-05
b3281	3.6764124e-05
b3282	7.9830185e-05
b3283	3.5691273e-05
b3284	4.8573922e-05
b3288	8.2681264e-05
b3289	5.4619415e-05
b3290	3.2312218e-05
b3291	0.00052396479
b3292	2.5183618e-05
b3293	1.1193121e-05
b3294	0.0018089786
b3295	0.0016768943
b3296	0.0032175306
b3297	0.0014974658
b3298	0.0013698462
b3299	0.00036161807
b3300	0.0004752726
b3301	0.0014641834
b3302	0.00065939733
b3303	0.001659351
b3304	0.0012793792
b3305	0.0017922492
b3306	0.0010683849
b3307	0.0013465506
b3308	0.0020643778
b3309	0.0010911018
b3310	0.0013979804
b3311	0.0011511259
b3312	0.00052725937
b3313	0.0016554524
b3314	0.0027194874
b3315	0.0012952282
b3316	0.001058856
b3317	0.0029306928
b3318	0.0010516103
b3319	0.0022665546
b3320	0.0024171729
b3321	0.0011778138
b3322	4.1936492e-07
b3323	2.9506395e-07
b3324	1.1657741e-06
b3325	1.961059e-06
b3326	5.9978235e-07
b3327	4.9116985e-07
b3328	1.8222763e-07
b3329	0
b3330	0
b3331	0
b3332	0
b3333	2.3653388e-07
b3334	6.4443415e-07
b3335	2.1119097e-07
b3336	0.00085785771
b3337	4.7940349e-05
b3338	1.6291875e-05
b3339	0.024621276
b3340	0.006766993
b3341	0.0027401485
b3342	0.0023307035
b3343	7.9106102e-06
b3344	9.4782506e-06
b3345	1.0581271e-05
b3346	0.0001005269
b3347	0.00050537395
b3348	0.00014656653
b3349	0.00086358521
b3350	5.4909651e-06
b3351	1.3938604e-05
b3352	4.9629877e-05
b3353	1.5416941e-05
b3354	8.3420432e-05
b3355	3.8015581e-05
b3356	0.00027095801
b3357	0.00049456701
b3358	8.6588296e-06
b3359	0.00062151812
b3360	9.0269053e-06
b3361	2.0877736e-05
b3362	9.6936654e-05
b3363	0.00013516825
b3364	2.2528042e-05
b3365	8.6883964e-06
b3366	1.1078475e-06
b3367	7.1804929e-06
b3368	3.6399668e-05
b3369	2.9566735e-06
b3370	0
b3371	2.5342916e-06
b3374	6.335729e-07
b3375	2.7243635e-05
b3376	4.2238193e-07
b3377	2.1119097e-07
b3378	1.6895277e-06
b3379	4.2238193e-07
b3380	0
b3381	0
b3382	3.8014374e-06
b3383	7.3916838e-06
b3384	0.00054374554
b3385	6.5688838e-05
b3386	0.00022455634
b3387	2.1471484e-05
b3388	0.00017444374
b3389	9.6983719e-05
b3390	0.00025658737
b3391	4.6582693e-07
b3392	8.085597e-08
b3393	8.8096803e-08
b3394	4.3203638e-07
b3395	1.8753758e-06
b3396	6.005547e-05
b3397	4.8035687e-05
b3398	1.6472895e-05
b3399	3.716961e-05
b3400	1.3963947e-05
b3401	0.00016888519
b3402	3.1678645e-06
b3403	0.00020821016
b3404	1.1675843e-05
b3405	0.00012474447
b3406	3.1467454e-05
b3407	0.00017423255
b3408	3.8225565e-05
b3409	3.5480082e-05
b3410	1.0559548e-05
b3411	4.2238193e-06
b3412	3.3368173e-05
b3413	4.2238193e-07
b3414	0.0009142457
b3415	1.2249076e-05
b3416	9.2127534e-05
b3417	0.00035779853
b3418	0.0001625561
b3421	9.5035935e-06
b3422	1.2671458e-06
b3423	5.3223141e-05
b3424	2.9144353e-05
b3425	2.1505274e-05
b3426	1.3603715e-05
b3428	0.00020998718
b3430	0.00024050427
b3431	7.1358411e-05
b3432	0.00019679619
b3433	0.0023455858
b3434	1.520575e-05
b3437	4.7898111e-06
b3438	3.1556758e-05
b3439	5.3008933e-05
b3440	0.00013389507
b3441	1.1045891e-05
b3442	0
b3446	3.1678645e-06
b3447	0.00012533882
b3448	6.6736346e-05
b3449	3.8154363e-05
b3450	3.1150668e-05
b3451	5.76491e-06
b3452	4.806103e-06
b3453	9.391783e-05
b3454	0.0001661735
b3455	0.00012601765
b3456	0.00013514713
b3457	0.00013158042
b3458	0.00088171625
b3459	2.7454826e-05
b3460	0.0049487166
b3461	0.00019775681
b3462	5.1825056e-05
b3463	4.2865732e-05
b3464	0.00015595668
b3465	2.1266327e-05
b3466	2.6821253e-05
b3467	3.6324846e-05
b3468	4.1182239e-05
b3469	7.0670532e-06
b3470	1.4027304e-05
b3471	2.4498152e-05
b3472	0.00029841284
b3473	5.4909651e-06
b3474	5.4909651e-06
b3475	1.4707942e-05
b3476	3.1618305e-06
b3477	2.3025849e-06
b3478	1.6714257e-07
b3479	6.1305721e-07
b3480	8.085597e-07
b3481	3.218128e-05
b3482	0
b3483	4.2238193e-07
b3485	2.1948775e-05
b3486	3.1045072e-05
b3487	5.5965606e-05
b3488	1.4783368e-06
b3491	5.7021561e-06
b3492	1.9429569e-05
b3493	8.9122588e-05
b3494	8.4898769e-05
b3495	0.0036833817
b3496	8.6588296e-06
b3497	1.5839323e-05
b3498	0.000372565
b3499	5.2164169e-05
b3500	0.00028646546
b3501	1.694355e-06
b3502	1.6895277e-06
b3503	9.8692556e-06
b3506	0.00026821253
b3507	6.7581109e-06
b3508	6.335729e-06
b3509	0.001154581
b3510	0.0040136843
b3511	0.00023399959
b3512	0.00011657741
b3513	2.0063142e-05
b3514	6.9693019e-06
b3515	5.1952978e-05
b3516	5.9978235e-05
b3517	0.00075667068
b3518	1.1223291e-06
b3519	7.8841812e-05
b3520	9.2924025e-06
b3521	6.124538e-06
b3522	3.27346e-05
b3523	0.0005026345
b3524	1.309384e-05
b3525	4.2238193e-07
b3526	6.544446e-05
b3527	3.2101027e-05
b3528	2.7633433e-05
b3529	1.1615503e-05
b3530	3.5902464e-06
b3531	3.3488853e-06
b3532	6.9693019e-06
b3533	1.5785016e-06
b3535	5.1319405e-05
b3536	4.8573922e-05
b3537	3.8647947e-05
b3538	2.7243635e-05
b3539	5.4909651e-06
b3540	8.3234584e-05
b3541	7.2413762e-05
b3542	4.1815811e-05
b3543	5.5229455e-05
b3544	0.0017235385
b3546	9.0051828e-06
b3547	2.413611e-07
b3548	2.8933162e-05
b3549	2.4034135e-05
b3550	1.5857425e-06
b3551	8.0641159e-05
b3552	4.5406058e-05
b3553	0.00038865896
b3554	0.0002430808
b3555	0.00014950872
b3556	8.4983245e-05
b3557	1.0559548e-06
b3558	1.0559548e-06
b3559	0.00080862306
b3560	0.00032726756
b3561	3.1678645e-06
b3562	2.1119097e-07
b3563	4.2238193e-07
b3564	1.7814863e-05
b3565	3.4514638e-06
b3566	1.1947375e-06
b3567	3.0954562e-07
b3568	9.4854914e-07
b3569	1.1117092e-05
b3570	0.00011721099
b3571	7.7501051e-06
b3572	0.00021362449
b3573	3.1678645e-06
b3574	4.3505339e-05
b3575	4.0065943e-07
b3576	2.1119097e-07
b3577	0
b3578	0
b3579	2.1119097e-07
b3580	2.1119097e-07
b3581	4.0126284e-06
b3582	2.1119097e-06
b3583	2.9566735e-06
b3584	1.4783368e-06
b3585	4.4350103e-06
b3586	2.1119097e-07
b3587	4.2238193e-07
b3588	2.4855367e-05
b3589	0
b3590	7.1382547e-05
b3591	5.559572e-05
b3592	8.1519713e-05
b3593	0
b3594	1.5416941e-05
b3596	1.0559548e-06
b3597	2.7454826e-06
b3598	3.5902464e-06
b3599	7.5720409e-05
b3600	0.00011594143
b3601	1.164869e-05
b3602	0.00023885698
b3603	6.9693019e-06
b3604	4.0476257e-06
b3605	7.5507408e-05
b3606	3.062269e-05
b3607	8.6317972e-05
b3608	7.2616505e-05
b3609	0.00048568793
b3610	0.00014914547
b3611	0.00026208799
b3612	0.00080638745
b3613	2.2386242e-05
b3614	2.1330288e-05
b3615	6.54692e-06
b3616	5.411497e-05
b3617	2.3294967e-05
b3618	3.3790555e-05
b3619	0.00039169287
b3620	3.8637086e-05
b3621	2.2228151e-05
b3622	4.9841068e-05
b3623	2.0907906e-05
b3624	1.3727413e-05
b3625	1.5682438e-05
b3626	2.0485524e-05
b3627	1.5839323e-05
b3628	1.4994559e-05
b3629	1.6050513e-05
b3630	1.2312433e-05
b3631	2.14389e-05
b3632	2.0177788e-05
b3633	3.6928249e-05
b3634	3.0988956e-05
b3635	1.395912e-05
b3636	0.00098755008
b3637	0.0015711377
b3638	8.4476387e-07
b3640	0.00013074833
b3641	6.7861088e-05
b3642	1.529445e-05
b3643	0.00014605123
b3644	0.00018669281
b3645	6.7581109e-06
b3646	1.4783368e-06
b3647	6.0943679e-07
b3648	6.5449891e-05
b3649	0.00039309819
b3650	6.7117696e-05
b3651	2.6115875e-05
b3652	2.3416854e-05
b3653	2.2808624e-05
b3654	9.1234498e-05
b3655	2.6398871e-05
b3656	1.6895277e-06
b3657	2.1119097e-07
b3659	2.1119097e-07
b3660	2.0907906e-05
b3661	0.00036895424
b3662	9.1982717e-06
b3663	7.6028748e-06
b3664	0
b3665	1.6320838e-05
b3666	1.1175019e-06
b3667	3.7085134e-06
b3668	4.2238193e-06
b3669	1.8449643e-05
b3670	9.3667418e-05
b3671	0.00067483358
b3672	0.00032227742
b3673	0
b3674	2.3231006e-06
b3675	4.0126284e-06
b3676	1.2671458e-05
b3677	4.6462013e-06
b3678	1.0559548e-06
b3679	0
b3680	3.3790555e-06
b3684	4.2238193e-07
b3685	9.5035935e-06
b3686	1.1824281e-05
b3687	5.5055675e-05
b3688	9.2924025e-05
b3689	3.0411499e-05
b3690	4.2238193e-07
b3691	0
b3693	1.2333552e-06
b3696	1.9007187e-06
b3697	0.00012713696
b3698	6.6525155e-05
b3699	0.00061903331
b3700	8.8320062e-06
b3701	0.00011682722
b3702	8.1718836e-05
b3703	0.00079097775
b3704	2.6065189e-05
b3705	0.0003617472
b3706	5.2164169e-05
b3707	1.1615503e-05
b3708	4.5955154e-06
b3709	0
b3710	2.3593048e-06
b3711	5.2797742e-06
b3712	7.6028748e-06
b3713	0.00016472895
b3714	0.000121646
b3715	1.6895277e-05
b3716	1.4783368e-06
b3717	4.8573922e-06
b3718	3.5902464e-06
b3719	1.4783368e-06
b3720	2.1119097e-07
b3721	8.3993665e-07
b3722	0
b3723	0
b3724	0.0001683192
b3725	0.00014809616
b3726	3.4828407e-05
b3727	3.1375133e-05
b3728	0.00044281677
b3729	0.00082828252
b3730	0.00021874557
b3731	0.00030529766
b3732	0.0022796436
b3733	0.00054221591
b3734	0.0029608038
b3735	0.00028590973
b3736	0.00042142373
b3737	0.0011261282
b3738	0.00056758538
b3739	5.0939261e-06
b3740	3.3474372e-05
b3741	0.00018977017
b3742	0.00020126499
b3743	1.4307886e-05
b3744	0.00015810359
b3745	6.9693019e-06
b3746	2.5131725e-05
b3747	1.5839323e-05
b3748	9.5615202e-06
b3749	1.6929068e-05
b3750	1.2783691e-05
b3751	0.00013931363
b3752	2.6849009e-05
b3753	5.9193811e-06
b3754	2.1119097e-06
b3755	7.8140658e-05
b3764	0.0016605946
b3765	4.2238193e-07
b3766	0.00086081438
b3769	1.4646395e-05
b3770	0.00049801183
b3771	0.00025089487
b3772	0.00012405961
b3773	5.8940382e-06
b3774	0.0087266551
b3775	7.4634888e-05
b3778	4.1421186e-05
b3779	4.5606388e-05
b3780	0.00026800435
b3781	0.00080503583
b3783	0.00087932798
b3784	5.1376125e-05
b3785	4.4350103e-05
b3786	4.5375888e-05
b3787	4.6884395e-05
b3788	3.3844861e-05
b3789	2.0331656e-05
b3790	8.2364477e-06
b3791	6.5568158e-05
b3792	4.4350103e-06
b3793	7.0598123e-06
b3794	1.7960887e-05
b3795	3.6536037e-05
b3800	2.1119097e-07
b3801	1.6623746e-06
b3802	6.4413245e-05
b3803	0.00012876555
b3804	1.424996e-05
b3805	6.0814551e-05
b3806	0.0001345733
b3807	0.0002033769
b3809	4.8607713e-05
b3810	5.8711089e-05
b3811	3.8120573e-05
b3812	5.9344662e-05
b3813	5.4740699e-05
b3816	9.7781418e-05
b3817	3.3790555e-06
b3818	0
b3819	9.0812116e-06
b3820	0.00011425431
b3821	4.7606668e-05
b3822	2.3150754e-05
b3823	5.0474641e-05
b3824	3.50577e-05
b3825	1.6617712e-05
b3826	6.2301335e-05
b3827	8.2364477e-06
b3828	7.6128913e-05
b3829	0.028875632
b3830	0.00017254121
b3831	0.00030821451
b3832	3.3790555e-06
b3833	0.00018613708
b3834	5.8711089e-05
b3835	2.3720969e-05
b3836	0.00015713453
b3838	3.0232289e-05
b3839	2.9423126e-05
b3842	1.8865991e-05
b3843	8.8467896e-05
b3844	0.00010670997
b3845	1.7513765e-05
b3846	2.8152359e-05
b3847	0.00032691698
b3848	1.6261704e-05
b3849	1.2460267e-05
b3850	3.5932031e-05
b3856	1.8162423e-05
b3857	1.9851951e-05
b3858	0.00033473768
b3859	2.1963861e-05
b3860	0.00032983443
b3861	4.2238193e-07
b3862	6.7581109e-06
b3863	0.00011425431
b3865	0.00018838234
b3866	0.00030200308
b3867	8.4105294e-05
b3868	7.7540875e-05
b3869	1.726818e-05
b3870	0.0040499543
b3871	0.00067897896
b3872	5.2797742e-06
b3873	7.8140658e-06
b3874	8.4476387e-07
b3875	2.1119097e-07
b3876	0
b3877	4.2238193e-07
b3878	1.4783368e-06
b3879	6.335729e-07
b3880	4.4350103e-06
b3881	3.1678645e-06
b3882	1.0559548e-06
b3883	1.9007187e-06
b3884	2.4498152e-05
b3885	7.4761602e-05
b3886	1.0770739e-05
b3887	0.00013706294
b3888	7.645113e-05
b3889	2.1119097e-07
b3890	1.1826694e-05
b3891	7.4128029e-05
b3892	2.0370877e-06
b3893	2.3532708e-06
b3894	6.7436293e-06
b3895	2.3442197e-05
b3896	1.6895277e-06
b3897	0
b3898	1.0559548e-06
b3899	2.1119097e-07
b3900	2.1119097e-07
b3901	3.1376944e-07
b3903	1.2641288e-06
b3904	0
b3905	1.5097137e-06
b3906	1.7015958e-07
b3907	4.2238193e-07
b3908	0.0025455595
b3909	4.2238193e-07
b3910	7.6028748e-05
b3911	2.9230037e-05
b3912	0.00021600371
b3915	2.1541479e-05
b3916	0.00054277285
b3917	0.00016496971
b3918	8.7843374e-06
b3919	0.0012073999
b3920	3.8436756e-05
b3921	1.9429569e-05
b3922	0.00018563686
b3923	0.00016979754
b3924	7.4073723e-05
b3926	3.9075156e-05
b3927	1.3564494e-06
b3928	0.001646656
b3929	0.00034424128
b3930	2.9735688e-05
b3931	0.00038118039
b3932	0.00010789807
b3933	5.1778594e-05
b3934	1.831267e-05
b3935	2.6059759e-05
b3936	0.0009117114
b3937	1.0559548e-06
b3938	0.00014679884
b3939	0.00017352053
b3940	0.00028396737
b3941	0.00050885196
b3942	0.00084735126
b3943	4.0126284e-06
b3944	0
b3945	2.0816188e-05
b3946	1.9912291e-06
b3947	1.005269e-06
b3949	0
b3950	1.0233711e-06
b3951	5.5392374e-06
b3952	3.5238721e-07
b3953	4.7729159e-07
b3954	8.8700206e-06
b3955	0.00010221643
b3956	0.0023661854
b3957	0.0003337131
b3958	0.0002168533
b3959	0.00027025686
b3960	0.00051786801
b3961	0.00013361147
b3962	0.00013834336
b3963	5.1530596e-05
b3964	0.00020042023
b3965	7.3320676e-05
b3966	0.00011911171
b3967	2.6191904e-05
b3972	4.7050934e-05
b3973	2.537369e-05
b3974	6.2350814e-05
b3981	0.00013356984
b3982	0.0007364229
b3983	0.0018323351
b3984	0.0030768074
b3985	0.00232476
b3986	0.0046972099
b3987	0.0032868423
b3988	0.0031539893
b3989	1.6895277e-06
b3990	0.00019290545
b3991	0.0002320156
b3992	0.00010798677
b3993	0.00015265426
b3994	0.00089551728
b3995	0.00015184631
b3996	4.9313694e-05
b3997	0.00013264844
b3998	3.0813969e-05
b3999	8.8489015e-05
b4000	0.0015771621
b4001	8.4476387e-06
b4002	8.3872984e-07
b4003	1.1054339e-06
b4004	7.9830185e-06
b4005	0.00035515563
b4006	0.00081715216
b4011	6.335729e-07
b4012	3.015807e-06
b4013	0.00031901844
b4014	0.0027102384
b4015	0.0037068661
b4016	2.4591076e-05
b4017	2.1119097e-07
b4018	2.4303856e-05
b4019	0.00055750252
b4020	1.2671458e-05
b4021	1.1192518e-05
b4022	3.009773e-05
b4023	0.00010876335
b4024	0.00078216868
b4025	0.0011968717
b4026	1.6895277e-05
b4027	6.335729e-07
b4028	2.1119097e-07
b4029	2.1119097e-07
b4030	2.7032444e-05
b4031	0
b4032	7.1442887e-06
b4033	8.6841726e-06
b4034	0.00016296219
b4035	1.3655608e-05
b4036	6.6313964e-05
b4037	5.9555853e-05
b4039	1.3839042e-05
b4040	4.8296357e-05
b4041	0.00022206127
b4042	4.8954066e-05
b4043	7.8617346e-05
b4044	3.3790555e-06
b4045	9.0812116e-05
b4046	1.7231373e-05
b4047	0
b4048	2.1119097e-07
b4049	5.1129936e-05
b4050	1.098193e-05
b4051	0.00013579579
b4052	5.9682567e-05
b4053	3.4226211e-05
b4054	0.00041849542
b4055	1.0138373e-05
b4056	2.5765298e-05
b4057	0.00011425431
b4058	0.00011684291
b4059	0.00030073956
b4060	3.50577e-05
b4061	4.4350103e-06
b4062	3.0151433e-05
b4063	6.8763779e-06
b4064	0.00022161897
b4065	1.6261704e-05
b4066	0
b4067	9.7147845e-06
b4068	2.0485524e-05
b4069	0.00025296816
b4070	1.1537061e-06
b4071	3.4031916e-07
b4072	2.6911763e-07
b4073	1.9188208e-07
b4074	0
b4075	2.2989645e-07
b4076	2.3894749e-07
b4077	2.618768e-05
b4078	2.7243635e-05
b4079	4.3143298e-07
b4080	0
b4081	0
b4082	0
b4083	2.1119097e-07
b4084	1.3051602e-06
b4085	2.7454826e-06
b4086	3.934186e-07
b4087	0
b4088	7.7434677e-06
b4089	2.618768e-05
b4090	4.6751646e-06
b4092	6.9693019e-06
b4093	1.086125e-05
b4094	3.3488853e-07
b4095	2.1119097e-07
b4096	4.0910707e-07
b4097	1.520575e-07
b4098	2.1119097e-07
b4099	2.1119097e-07
b4100	2.1119097e-07
b4101	2.1119097e-07
b4102	1.4542007e-07
b4105	1.0197507e-06
b4106	4.7427457e-07
b4107	3.9070329e-05
b4108	7.9569515e-05
b4109	4.2238193e-06
b4110	8.4476387e-07
b4111	0.00018494295
b4112	2.6284224e-05
b4113	7.2603834e-05
b4114	4.1587725e-05
b4115	2.1119097e-07
b4116	1.6792699e-06
b4117	3.6493799e-06
b4118	3.8014374e-06
b4119	7.0755008e-06
b4120	1.0559548e-06
b4121	1.0348357e-05
b4122	6.943959e-06
b4123	0
b4124	2.4083614e-05
b4125	6.8806017e-06
b4126	5.3642506e-05
b4127	7.9196613e-05
b4128	6.7581109e-06
b4129	9.5986294e-05
b4130	2.1119097e-07
b4131	0
b4132	0
b4133	4.325191e-06
b4135	0.00012586982
b4136	3.062269e-05
b4137	4.371653e-05
b4138	0.00012122361
b4139	2.0478283e-05
b4140	2.9355544e-05
b4141	1.6261704e-05
b4142	0.0012098334
b4143	0.0037047675
b4144	0.00064392126
b4145	4.0126284e-06
b4146	3.4424128e-05
b4147	0.00085783116
b4148	9.7147845e-06
b4149	7.9830185e-05
b4150	3.0346332e-05
b4151	1.0124495e-05
b4152	9.4064457e-06
b4153	2.1201159e-05
b4154	5.1218033e-05
b4155	2.2386242e-05
b4156	8.4476387e-07
b4157	4.2238193e-07
b4158	6.335729e-07
b4159	1.0770739e-05
b4160	9.4427705e-05
b4161	6.990421e-05
b4162	0.00017423255
b4166	5.2797742e-06
b4167	3.6536037e-05
b4168	5.237536e-05
b4169	4.6244184e-05
b4170	2.8574138e-05
b4171	2.4787785e-05
b4172	0.0005094252
b4173	7.8985422e-05
b4174	0.00026496139
b4175	0.00018601821
b4176	1.1826694e-05
b4177	0.0014756528
b4178	1.4293405e-05
b4179	0.0002967927
b4180	5.9090629e-05
b4181	2.1119097e-07
b4182	6.335729e-07
b4183	0
b4184	0
b4185	0
b4186	0
b4187	3.1678645e-05
b4188	9.2924025e-06
b4189	3.0411499e-05
b4190	2.829959e-05
b4191	1.8325945e-05
b4192	1.1107438e-05
b4193	2.8058228e-07
b4194	2.6815219e-06
b4195	9.2924025e-07
b4198	1.1006066e-06
b4199	2.5342916e-06
b4200	0.0020929737
b4201	1.5374702e-05
b4202	0.0010203692
b4203	0.0016551881
b4204	2.7454826e-06
b4206	5.8288707e-05
b4207	0.00036544485
b4208	0.00011425431
b4209	2.3231006e-06
b4210	4.0126284e-06
b4211	3.3790555e-05
b4212	9.7147845e-06
b4213	8.0813129e-05
b4214	0.00011256479
b4215	4.2238193e-07
b4216	1.2460267e-05
b4217	0.00025849774
b4218	1.3516222e-05
b4219	0.00010246503
b4220	2.4286961e-05
b4221	1.1404312e-05
b4222	0.0001613499
b4224	5.3220124e-05
b4225	9.9259754e-06
b4226	0.0017492019
b4227	9.5941039e-06
b4230	8.2304137e-07
b4231	1.3980842e-06
b4232	0.00020593895
b4233	0.00013787753
b4234	0.00012671458
b4235	0.00016699171
b4237	1.2080123e-06
b4238	3.9525295e-05
b4239	7.6469232e-06
b4240	7.6897648e-06
b4241	2.7180277e-05
b4242	3.4136908e-05
b4243	0.0026354521
b4244	0.002409199
b4245	0.0044107197
b4246	7.8140658e-05
b4248	3.928152e-05
b4249	3.5902464e-06
b4251	4.2660575e-05
b4252	0.0001402308
b4253	4.4350103e-06
b4254	0.00051633657
b4255	0.00072544097
b4256	3.2145075e-05
b4257	2.1119097e-07
b4258	0.0010047869
b4259	1.4812934e-05
b4260	0.00039699316
b4261	4.4138912e-05
b4262	3.50577e-05
b4263	3.928152e-05
b4264	1.2019783e-05
b4265	4.2238193e-07
b4266	2.9120217e-06
b4267	1.8627043e-06
b4268	1.6925447e-06
b4269	6.7521373e-05
b4277	0
b4278	1.2037885e-05
b4279	3.5902464e-06
b4280	2.5554107e-05
b4287	9.2924025e-06
b4288	6.335729e-07
b4289	6.335729e-07
b4290	2.0751021e-06
b4291	2.5342916e-06
b4292	7.1804929e-06
b4293	6.7852641e-06
b4295	6.0400617e-05
b4296	2.1119097e-07
b4297	3.3790555e-06
b4298	3.7507516e-06
b4299	8.4476387e-07
b4300	4.0126284e-06
b4301	3.1678645e-06
b4302	8.8700206e-06
b4303	5.7021561e-06
b4304	6.335729e-07
b4305	4.2238193e-07
b4306	4.8573922e-06
b4307	5.2797742e-06
b4309	3.5902464e-06
b4310	2.7032444e-05
b4311	0
b4312	8.3209241e-05
b4313	5.9133471e-06
b4314	0.00052781812
b4315	2.2054371e-06
b4316	7.9981036e-06
b4317	5.2978763e-06
b4318	1.4867844e-06
b4319	1.6316011e-06
b4320	4.5707759e-06
b4321	1.0559548e-06
b4322	3.4234659e-05
b4323	2.6392837e-05
b4324	2.7448188e-05
b4325	2.1119097e-07
b4326	9.2924025e-06
b4327	5.2797742e-06
b4328	5.2948592e-05
b4329	6.335729e-07
b4330	4.2238193e-07
b4331	6.6615665e-07
b4332	1.4783368e-06
b4333	3.1678645e-06
b4334	4.2238193e-07
b4335	1.0559548e-06
b4336	7.1804929e-06
b4337	2.7454826e-06
b4340	8.4476387e-06
b4341	1.2671458e-06
b4345	3.5902464e-06
b4346	2.5976489e-05
b4347	8.2364477e-06
b4348	5.6630556e-05
b4349	0.000147713
b4350	0.00011649776
b4351	3.8859138e-05
b4352	6.7581109e-05
b4353	1.6895277e-06
b4354	1.9007187e-06
b4355	1.3443814e-06
b4356	4.2238193e-07
b4357	3.1678645e-06
b4358	4.2238193e-07
b4359	3.867329e-05
b4360	7.433922e-05
b4361	1.9957546e-05
b4362	9.9368367e-06
b4363	2.1119097e-06
b4364	5.9133471e-06
b4365	0
b4366	0
b4367	5.5120842e-05
b4371	8.2993826e-05
b4372	9.7546091e-06
b4373	1.3931363e-05
b4374	5.0097514e-05
b4375	0.00046509802
b4376	0.0018544679
b4377	2.9989117e-05
b4378	1.2249076e-05
b4379	4.2238193e-07
b4380	3.8014374e-06
b4381	9.9394917e-05
b4382	6.292284e-05
b4383	0.00024853194
b4384	0.00043163029
b4385	1.0770739e-05
b4386	3.7118924e-05
b4387	9.0812116e-06
b4388	4.7019557e-05
b4389	4.107966e-05
b4390	5.8123978e-05
b4391	0.00043927721
b4392	7.9395735e-05
b4393	3.5776957e-05
b4394	5.8077516e-05
b4395	5.7471096e-05
b4396	0.00011736003
b4397	0.00010327238
b4398	8.8434709e-06
b4399	4.8622195e-06
b4400	4.2238193e-07
b4401	0.00088732307
b4402	0
b4403	2.8065469e-05
b4406	0.00014044199
b4407	2.2301766e-05
b4409	0.00010686263
b4410	2.0696715e-05
b4411	0.0049727025
b4412	0
b4415	4.2238193e-07
b4419	2.1119097e-07
b4421	0
b4428	3.5902464e-06
b4453	1.6895277e-06
b4455	4.2238193e-07
b4460	2.5729094e-06
b4461	1.1404312e-05
b4463	6.335729e-07
b4464	3.5691273e-06
b4465	1.4783368e-06
b4466	1.2249076e-05
b4467	2.4558492e-06
b4468	1.4783368e-06
b4469	4.7517968e-05
b4470	5.2797742e-06
b4471	1.917614e-06
b4472	7.8140658e-06
b4473	2.1119097e-06
b4474	1.6895277e-06
b4475	2.2434515e-06
b4476	1.0559548e-06
b4477	6.1848783e-07
b4478	4.1489974e-06
b4479	3.5902464e-05
b4480	3.50577e-05
b4481	1.6246619e-05
b4482	8.4476387e-07
b4483	1.2671458e-05
b4484	2.5342916e-05
b4485	1.2068055e-06
b4487	6.54692e-06
b4501	9.2924025e-06
b4502	8.4476387e-07
b4504	2.1119097e-07
b4506	7.3537298e-05
b4509	4.2238193e-07
b4510	1.2671458e-06
b4511	4.4350103e-06
b4512	5.5332033e-05
b4513	2.1119097e-07
b4515	0.00030179189
b4517	0.00019450688
b4518	5.8711089e-05
b4520	2.7454826e-06
b4522	9.7781418e-05
b4523	0.0001355846
b4526	0
b4527	2.7454826e-06
b4529	0.00029249949
b4532	4.0126284e-06
b4533	2.1119097e-06
b4535	1.9218378e-05
b4536	5.5754415e-05
b4537	0.00012671458
b4539	1.5628132e-05
b4541	4.2238193e-07
b4542	0.00011531027
b4544	2.1119097e-06
b4546	1.1404312e-05
b4547	4.8362731e-05
b4548	2.1119097e-07
b4550	0.00016177228
b4551	0.00016008275
b4553	8.6588296e-06
b4554	0.00020760072
b4555	1.8162423e-05
b4557	3.1889836e-05
b4558	0.00048193779
b4559	2.1119097e-07
b4565	2.3231006e-06
b4566	4.2238193e-07
b4567	4.4350103e-06
b4568	0.00099407588
b4586	2.1119097e-07
b4588	0
b4589	1.0559548e-06
b4590	0
b4592	2.0063142e-05
b4593	0
b4594	4.2238193e-07
b4595	0.00018901592
b4596	4.5617249e-05
b4598	0.00023083173
b4599	5.7443943e-05
b4601	0
b4602	0.0011019945
b4604	0
b4606	0.00022027218
b4612	0
b4613	4.4350103e-06
b4618	2.1119097e-07
b4620	1.4783368e-06
b4621	4.2238193e-07
b4622	0
b4637	2.5131725e-05
b4655	2.1119097e-07
b4662	0
b4663	0.0015543655
b4664	0
b4665	0
b4666	0
b4667	0
b4668	0
b4669	0.00020527762
b4670	2.9566735e-06
b4671	4.4350103e-06
b4672	1.4783368e-06
b4674	0
b4675	0.00021773789
b4676	2.7666017e-05
b4677	4.2238193e-07
b4678	0.00052692146
b4679	0.00020950144
b4680	0.00012037885
b4682	0
b4683	3.1678645e-06
b4684	1.2671458e-06
b4685	3.8014374e-06
b4686	0.0015594341
b4687	2.7454826e-06
b4689	0
b4702	0.00011193121
